-33.49636936187744
-38.03298568725586
-36.45284819602966
-36.00740045309067
-34.784837663173676
-34.16720736026764
-34.55096936225891
-36.3749458193779
-38.11140924692154
-35.20898449420929
-36.942329704761505
-35.84567600488663
-34.85206592082977
-33.92450165748596
-33.826323330402374
-30.869084537029266
-32.70091450214386
-34.98102855682373
-35.092827677726746
-29.82313746213913
-34.415397465229034
-31.660333573818207
-33.93088626861572
-31.192730486392975
-35.24087244272232
-33.47537845373154
-30.346782863140106
-33.69205242395401
-33.588547348976135
-33.77146112918854
-34.82832932472229
-33.73049861192703
-33.640513718128204
-34.59112346172333
-32.054363489151
-34.05438822507858
-34.11238098144531
-33.900788843631744
-33.0738639831543
-34.01970416307449
-33.30231273174286
-33.707687973976135
-32.911590218544006
-31.591217696666718
-33.11789083480835
-32.07310104370117
-34.634038507938385
-35.6827706694603
-32.664931893348694
-33.94839024543762
-33.68035036325455
-33.05084282159805
-32.142688155174255
-31.234081983566284
-34.29325795173645
-35.46945917606354
-33.68170368671417
-29.475733041763306
-35.027651727199554
-33.84267956018448
