-40.38349825143814
-41.59781891107559
-41.25055181980133
-39.99401009082794
-39.760747730731964
-40.87311786413193
-41.656211614608765
-40.373368978500366
-40.51212465763092
-40.4477373957634
-40.559775829315186
-40.28568750619888
-41.01556521654129
-39.053721845149994
-36.9837247133255
-38.80481082201004
-36.4048245549202
-39.21352577209473
-38.30950593948364
-38.182403683662415
-37.67638695240021
-37.459509789943695
-39.12183612585068
-36.60862219333649
-37.657486498355865
-38.950660943984985
-36.815482676029205
-36.424604177474976
-37.52161955833435
