0.1974
0.4794
0.0011
0.4564
0.0354
0.3621
0.6068
0.365
0.4555
0.5243
0.3325
0.5211
0.3085
0.276
0.2348
0.4647
0.2834
0.4595
0.3833
0.5896
0.5427
0.5869
0.2312
0.4738
0.1959
0.2747
0.6624
-0.0415
-0.0892
0.6756
0.6391
0.5201
0.4307
0.5709
0.5788
0.3126
0.4392
0.3479
0.4582
0.2608
0.4945
0.461
0.5404
0.4302
0.4984
-0.1951
0.4079
0.6155
0.2103
0.6323
0.4894
0.612
0.042
0.4314
0.5008
0.3569
0.5516
0.4855
0.3184
0.3973
0.7695
0.3479
0.5096
0.6816
0.6474
0.3284
0.5604
0.3489
0.536
0.1025
0.3336
0.3505
0.1482
0.1351
0.3792
0.4931
0.5642
0.5522
0.2877
0.3442
0.5676
0.4504
0.4394
0.4953
0.5039
0.4331
0.6122
0.5429
0.4676
0.3205
0.5174
0.5195
0.2586
0.4827
0.312
0.6388
0.4375
0.201
0.2345
0.4794
0.4522
0.5439
0.6514
0.4919
0.4135
0.1535
0.2157
0.4027
0.5548
0.2038
0.4431
0.3412
0.2744
0.4328
0.3361
0.3162
0.4373
0.685
0.368
0.3703
0.181
0.2465
0.726
0.2698
0.4724
0.5779
0.145
0.1815
0.613
0.4275
0.5201
0.4142
0.4112
0.545
0.6161
0.2617
0.6506
0.4489
0.339
0.4457
0.6423
0.2658
0.2224
0.4184
0.3582
0.4443
0.4932
0.6271
0.7393
0.4095
0.7595
0.4918
0.2961
0.4805
0.5559
0.1106
0.6221
0.4375
0.3605
0.3859
0.4372
0.6693
0.5564
0.7099
0.4505
0.3082
0.4428
0.562
0.3464
0.2288
0.5287
0.2011
0.6017
0.5772
0.3124
0.5372
0.4448
0.259
0.31
0.3909
-0.1048
0.2663
0.5127
0.4521
0.544
0.4878
0.3157
0.3106
0.5315
0.3444
0.2069
0.3908
0.6085
0.5624
0.1403
0.5886
0.6251
0.2816
0.4052
0.3306
0.3902
0.4153
0.6664
0.4166
0.6612
0.3397
0.2216
0.4656
0.5218
0.7045
0.1734
0.3458
0.5891
0.273
0.3088
0.555
0.5364
0.5076
0.4436
0.3941
0.3299
0.3805
0.7557
0.4418
0.0374
0.6923
0.4587
0.6192
0.5322
0.4419
0.6008
0.3285
0.2249
0.3231
0.2281
0.3714
0.424
0.4763
0.5471
0.3392
0.4946
0.1728
0.4734
0.5423
0.5896
0.5448
0.5222
0.2596
0.548
0.0085
0.3169
0.328
0.4108
0.1417
0.5494
0.513
0.5258
0.2303
0.3114
0.2828
0.2465
0.5406
0.4403
0.7293
0.6132
0.551
0.425
0.5825
0.5177
0.2009
0.3653
0.2789
0.5277
0.4125
0.4418
0.2504
0.3775
0.5215
0.2552
0.6357
0.5105
0.5985
0.7148
0.4455
0.1093
0.5101
0.2815
0.3636
0.5386
0.3912
0.4869
0.4771
0.3399
0.483
0.4766
0.2807
0.3268
0.409
0.2983
0.3607
0.3472
0.4732
0.4026
0.3515
0.6417
0.3364
0.4799
0.5788
0.3018
0.2955
0.4186
0.5728
0.3381
0.2713
0.5803
0.1255
0.5441
0.3214
0.6645
0.6816
0.1291
0.3053
0.3614
0.6264
0.6003
0.5457
0.3128
0.5491
0.327
0.7949
0.4243
0.5791
0.4932
0.4598
0.1993
0.4867
0.5756
0.2877
0.5875
0.2197
0.0729
0.3852
0.2688
0.1269
0.4679
0.3541
0.5139
0.3435
0.3149
0.1557
0.4404
0.6691
0.4608
0.3788
0.1609
0.77
0.3333
0.2415
0.5453
0.2662
0.6317
0.5698
0.7302
0.6271
0.0887
0.6581
0.2949
0.5687
0.1319
0.7238
0.7068
0.4224
0.5353
0.7401
0.3434
0.4028
0.6393
0.4287
0.2181
0.1378
0.6078
0.398
0.7887
0.5944
0.3787
0.397
0.3489
0.5461
0.3801
0.4606
0.1305
0.474
0.2044
0.5416
0.537
0.4629
0.6414
0.4439
0.4822
0.3436
0.3479
0.5306
0.4972
0.3171
0.3946
0.5591
0.28
0.4494
0.5211
0.4052
0.2112
0.2665
0.437
0.4567
0.606
0.4114
-0.0027
0.6389
0.4968
0.4918
0.2122
0.6408
0.6307
0.578
0.434
0.5414
0.4349
0.4935
0.6299
0.4343
0.4051
0.5484
0.4718
0.3351
0.5006
0.3801
0.5488
0.4281
0.4044
0.3636
0.3032
0.6186
0.4946
0.5177
0.4916
0.3373
0.2783
0.65
0.2612
0.4364
0.3832
0.2635
0.3042
0.4189
0.5332
0.2813
0.5605
0.533
0.4626
0.0554
0.2669
0.6388
0.4751
0.4898
0.5665
0.4831
0.5124
0.2965
-0.0343
0.5621
0.4907
0.4588
0.1958
0.3636
0.4016
0.3448
0.5362
0.4678
0.4209
0.6429
0.6725
0.2618
0.3956
0.1617
0.1428
0.2206
0.6549
0.3368
0.1197
0.3192
0.6443
0.351
0.0974
0.1676
0.3831
0.1756
0.4095
0.3908
0.6511
0.5022
0.6947
0.3387
0.5938
0.4408
0.4371
0.0364
0.2941
0.3444
0.3287
0.2029
0.4034
0.273
0.2501
0.5697
0.5854
0.552
0.4514
0.5423
0.5547
0.577
0.3161
0.4769
0.3228
0.6407
0.3024
0.4873
0.4749
0.5868
0.4329
0.5199
0.4574
0.4754
0.6531
0.5083
0.3761
0.3753
0.6647
0.5091
0.0968
0.4672
0.3765
0.2294
0.7143
0.4372
0.4075
0.3714
0.5303
-0.2322
0.4477
0.3666
0.4431
0.4629
0.3027
0.3701
0.3802
0.5132
0.1799
0.5325
0.3084
0.7079
0.2
0.2553
0.5692
0.5847
0.5444
0.4617
0.5759
0.2167
0.1386
0.4235
0.5324
0.3422
0.5211
0.4622
0.4787
0.626
0.192
0.5255
0.6167
0.4427
0.4393
0.3586
0.1835
0.3792
0.4115
0.4072
0.7403
0.5867
0.7568
0.5308
0.367
0.5711
0.6726
0.4655
0.1972
0.6005
0.3602
0.3271
0.4887
0.0545
0.2638
0.4825
0.4647
-0.0264
0.6516
0.2272
0.2234
0.5952
0.2418
0.3494
0.2302
0.698
0.586
0.3031
0.6858
-0.0478
0.1907
0.0558
0.444
0.6435
0.0505
0.3476
0.4372
0.4341
0.5888
0.4791
-0.1113
0.6504
0.3992
0.4005
0.377
0.2908
0.4277
0.6168
0.4676
0.5822
0.4679
0.175
0.6147
0.4438
0.5732
0.3935
0.4359
0.329
0.5249
0.5791
0.6231
0.4284
0.6646
0.3171
0.163
0.4897
0.5815
0.6325
0.4526
0.3316
0.5983
0.7134
0.5415
0.1195
0.356
0.0712
0.0986
0.545
0.4878
0.5179
0.6885
0.5104
0.3678
0.4773
0.5487
0.7379
0.461
0.0583
0.2899
0.2286
0.4991
0.3828
0.3024
0.4877
0.3071
0.3859
0.1253
0.0992
0.3683
0.5272
0.4359
0.488
0.3465
0.7425
0.5776
0.5934
0.3605
0.4468
0.3701
0.3381
0.5186
0.4563
0.5969
0.2057
0.5387
0.5255
0.6072
0.4265
0.3374
0.5776
0.5665
0.4163
0.4275
0.3894
0.4735
0.3856
0.4506
-0.0839
0.4712
0.5396
0.5211
0.3973
0.7429
0.3733
-0.0401
0.5358
0.599
0.465
0.6247
0.6441
0.4568
0.5461
0.4397
0.6178
0.3929
0.5152
0.5461
0.5544
0.4953
0.5766
0.3134
0.3379
0.7039
0.6153
0.5487
0.6126
0.5765
0.2779
0.6064
0.5746
0.1364
0.3113
0.4482
0.4427
0.3991
0.5249
0.3463
0.5353
0.3713
0.4212
0.2715
0.5168
0.172
0.4608
0.664
0.4696
0.5117
0.5462
0.6172
0.7501
0.3741
0.3733
0.2896
0.6863
0.3072
0.5553
0.3031
0.3175
-0.0064
0.2029
0.4636
0.5607
0.3893
0.2468
0.4644
0.4939
0.3407
0.4953
0.2679
0.1487
0.5303
0.1847
0.5088
0.654
0.7768
0.396
0.5223
0.5074
0.1074
0.4046
0.4532
0.6938
0.3365
0.5261
0.2851
0.5679
0.3281
0.4304
0.7347
0.1707
0.3695
0.2151
0.4292
0.4461
0.5019
0.3914
0.5024
0.5927
0.1439
0.4978
0.3879
0.5476
0.5017
0.6044
0.6246
0.4357
0.0318
0.3008
0.4551
0.6237
0.561
0.442
0.5236
0.582
0.4924
0.5907
0.2041
0.4905
0.4827
0.7093
0.4478
0.1728
0.2883
0.4761
0.4476
0.3833
0.3829
0.4643
0.7452
0.746
0.4267
0.6533
0.535
0.628
0.0989
0.5644
0.5792
0.3832
0.7303
0.1949
0.3755
0.2218
0.262
0.0936
0.6085
0.4252
0.3218
0.7019
0.4549
0.2565
0.5385
0.1402
0.1512
0.2134
0.2114
0.4368
0.5414
0.4421
0.6932
0.485
0.3809
0.4181
0.5383
0.0639
0.4259
0.1443
0.301
0.3019
0.2662
0.5116
0.31
0.1403
0.6147
0.5509
0.3927
0.4446
0.2475
0.4458
0.4954
0.1056
0.3674
0.3838
0.1892
0.3796
0.3382
0.3701
-0.137
0.6421
0.5732
0.6755
0.6767
0.618
0.5631
0.5629
0.3908
-0.2148
0.3908
0.5683
-0.1403
0.3954
0.3
0.339
0.4783
0.5956
0.5298
0.3937
0.4406
0.2737
0.298
0.2047
0.3478
0.2938
0.2212
-0.4759
0.6668
0.4508
0.2989
0.0697
0.2405
0.5027
0.3404
0.369
0.4845
0.0426
0.6115
0.3001
0.7455
0.4301
0.0594
0.686
0.6352
0.6814
0.5742
0.3166
0.4913
0.4213
0.1698
0.4352
0.5505
0.4037
0.5826
0.5155
0.0273
0.6146
0.4465
0.3998
0.3571
0.3061
0.4245
0.6453
0.3871
0.1142
0.3904
0.4726
0.16
0.6831
0.7505
0.2915
0.7233
0.4485
0.5947
0.4915
0.6376
0.3745
0.4719
0.0993
0.4006
0.4262
0.3499
0.5174
0.3515
0.402
0.4449
-0.0007
0.2195
0.4111
0.1965
0.563
0.5866
0.5005
0.3328
0.2689
0.6101
0.167
0.3368
0.4257
0.5017
0.2444
0.6679
0.4539
0.6204
0.0545
0.2206
0.4714
0.2809
0.2945
0.4843
0.6692
0.1357
0.1891
-0.0237
0.3463
0.4232
0.2554
0.1236
0.3313
0.2621
0.4278
0.4396
0.6554
0.4814
0.4191
0.2998
0.4764
0.3142
0.6764
0.3141
0.3116
0.2385
0.4485
0.2165
0.1388
0.4419
0.3168
0.1915
0.3838
0.0946
0.1363
0.7467
0.4269
0.4662
0.5664
0.6495
0.4859
0.5245
0.2586
0.6517
0.2259
0.4072
0.4386
0.4674
0.3781
0.298
0.7052
0.0745
0.2774
0.5861
0.51
0.5656
0.4632
0.3872
0.6009
0.2119
0.3656
0.6086
0.6612
0.6983
0.2853
0.535
0.6845
0.5281
0.6234
0.2043
-0.1511
0.6456
0.2177
0.2723
0.4645
0.6765
0.3927
0.3972
-0.0625
0.2047
0.4801
0.3508
0.419
0.4517
0.3321
0.5918
0.223
0.4505
0.5386
0.2204
0.0704
0.5529
0.3391
0.4927
0.7567
0.368
0.357
0.4814
0.5721
0.8418
0.2445
0.6887
0.6716
0.518
0.1821
0.291
0.4244
0.7387
0.4823
0.4457
0.2271
0.406
0.4579
0.2176
0.2328
0.0387
0.259
0.1064
0.4221
0.3851
0.2629
0.544
0.7657
0.098
0.4527
0.5537
0.5025
0.2559
0.3432
0.5303
0.2777
0.2833
0.3601
0.3224
0.121
0.4549
0.562
0.247
0.4721
0.6101
0.5099
0.5804
0.4725
0.2808
0.3689
0.4248
0.3836
0.3646
0.0535
0.6643
0.3102
0.4186
0.3477
0.7779
0.4286
0.4171
0.4964
0.0454
0.4614
0.1462
0.2723
0.3247
0.3387
0.6437
0.5171
0.4269
0.4287
0.5862
0.4657
0.2838
0.3312
0.546
0.3937
0.2552
0.418
0.686
0.4032
0.4259
0.5129
0.5573
0.3531
0.2797
0.464
0.7358
0.5298
0.1908
0.6104
0.4814
0.4519
0.2683
0.4593
0.5305
0.3741
0.3499
0.3416
0.6784
0.4326
0.2148
0.207
0.3099
0.456
0.2981
0.5821
0.0957
0.3179
0.4375
0.4752
0.6321
0.5981
0.2345
0.2731
-0.1624
0.4359
0.4841
0.2872
0.2641
0.2239
0.3237
0.3038
0.3686
0.4483
0.6345
0.3577
0.4985
0.1252
0.5828
0.1534
0.6328
0.6322
0.5841
0.421
0.5198
0.2171
0.1147
0.5875
0.602
0.3021
0.4491
0.5837
0.6798
0.3049
0.1624
0.4956
0.3746
0.5238
0.375
0.3725
0.6338
0.6056
0.5294
0.3965
0.3658
0.7013
0.3985
0.5471
0.5612
-0.0984
0.5911
0.4075
0.3144
0.1328
0.5567
0.2301
0.1386
0.3965
0.2538
0.6443
0.1531
0.4917
0.4171
0.353
0.3261
-0.0728
0.4999
0.3197
0.42
0.4266
0.4815
0.2749
0.4639
0.4119
0.7438
0.062
0.3645
0.3935
0.4636
0.1608
0.3416
0.477
0.4561
0.3916
0.3436
0.7545
0.4238
0.4798
0.2674
0.6958
0.5035
0.678
0.2362
0.5226
0.2641
0.7168
0.4634
0.3175
0.7651
0.1557
0.1938
0.3472
0.5518
0.4273
0.633
0.4496
0.3653
0.5681
0.6726
0.404
0.3782
0.5333
0.3622
-0.0555
0.3374
0.3992
0.4649
0.1866
0.6572
0.5845
-0.2692
0.4211
0.4269
0.5022
0.2211
0.5501
0.3205
0.3736
0.5548
0.6791
0.231
0.5122
0.3344
0.4501
0.4382
0.325
0.3478
0.1811
0.4144
-0.0735
0.322
0.7074
0.457
0.1858
0.0385
0.2894
0.1531
0.1382
0.1154
0.1877
0.4912
0.686
0.4248
0.3295
0.3033
0.6135
0.4135
0.1277
0.2981
0.2437
0.5105
0.5886
0.4759
0.4073
0.1454
0.3426
0.5215
0.3771
0.6621
0.7496
0.393
0.5417
0.2725
0.2822
0.4661
0.2329
0.3015
0.4903
0.637
0.4279
0.3508
0.523
0.2507
0.4101
0.5026
0.4286
0.4265
0.4635
0.6073
0.3327
0.6165
0.3895
0.5009
0.5051
0.5114
0.2356
0.4443
0.4522
0.5275
0.6024
0.493
0.2817
0.2344
0.6438
0.2635
0.5679
0.1799
0.5746
0.4895
0.3479
0.3271
0.428
0.3985
0.4756
0.6742
0.5849
0.6188
0.3849
0.5478
0.3986
0.6274
0.282
0.6453
0.5853
0.6969
0.5003
0.4526
0.4213
0.2701
0.5249
0.5493
0.5197
0.4171
0.2928
0.4786
0.668
0.3691
0.4097
0.1996
0.2992
0.4747
0.6722
0.2807
0.3916
0.6452
0.4018
0.4845
0.5198
0.3795
0.4893
0.2103
0.4703
0.3846
0.4506
0.237
0.5186
0.6347
0.187
0.3964
0.7039
0.1987
0.3413
0.213
0.4208
0.5937
0.3711
0.311
0.2297
0.5783
0.38
0.3774
0.3857
0.4504
0.2536
0.5899
0.6417
0.2621
0.5974
0.5194
0.5263
0.1262
0.4258
0.5198
0.4001
0.4711
0.2737
0.4295
0.5572
0.4074
0.3567
0.5774
0.121
0.5012
0.5009
0.4494
0.5167
0.2971
0.5758
0.6215
0.6078
0.3321
0.5061
0.3266
0.4437
0.3682
0.5505
0.4803
0.2687
0.3518
0.5604
0.2968
0.3675
0.3955
0.3832
0.4085
0.6038
0.2135
0.2986
0.5229
0.2584
0.3668
0.6
0.2803
0.3982
0.2849
0.127
0.3523
0.561
0.3469
0.3725
0.6741
0.3994
0.4435
0.2977
0.1628
0.2962
0.2954
0.4171
-0.0947
0.4444
0.44
0.6343
0.5317
0.2058
0.2722
0.1684
0.3568
0.4868
0.0592
0.4349
0.2805
0.6634
0.6411
0.4525
0.4167
0.4274
0.3341
0.165
0.4416
0.0873
0.4505
0.4792
0.5418
0.4582
0.4079
0.0307
0.2564
0.3466
0.131
0.3976
0.3388
0.3112
0.5649
0.4391
0.2678
0.0466
0.3619
0.0164
0.2131
0.3912
0.4434
0.493
0.5045
0.5483
0.4166
0.5622
0.2785
0.645
0.523
0.5288
0.5644
0.1329
0.3023
0.2163
0.4756
0.6693
0.5174
0.4388
0.5048
0.4703
0.2523
0.2591
0.2853
0.6025
0.3039
0.7614
0.5473
0.3665
0.2946
0.5201
0.4817
0.2994
0.7126
0.6935
0.3691
0.4961
0.5924
0.6273
0.2776
0.6032
0.4873
-0.0769
0.5067
0.1534
0.5524
0.3583
0.5916
0.5965
0.5163
0.2734
0.5794
0.1997
0.4186
0.5326
0.1673
0.4033
0.4187
0.2702
0.3219
0.4912
0.2974
0.5391
0.6438
0.6464
0.6792
0.033
0.3095
0.2889
0.5057
0.3947
0.6333
0.4568
0.0691
0.4971
-0.0361
0.6766
0.4629
0.3524
0.6077
0.4493
0.6599
0.2195
0.4639
0.5385
0.2364
0.6837
0.3908
0.2181
0.2355
0.4516
0.6115
0.3966
0.4853
0.2146
0.4712
-0.1622
0.3106
0.5493
0.2552
0.624
0.1459
0.5919
0.4375
0.6272
0.372
0.3445
0.3084
0.2961
0.5402
0.2538
0.427
0.0759
0.3553
0.4172
0.2384
0.2656
0.0764
0.2948
0.5872
0.2542
0.2867
0.4843
0.4076
0.2359
0.5755
0.5802
0.2335
0.3391
0.4896
0.4231
0.5017
0.3323
0.235
0.4515
0.2787
0.4605
0.6725
0.2737
0.6035
0.5738
0.458
0.4662
0.5104
0.4751
0.386
0.2543
0.5113
0.3464
0.5126
0.2306
0.3327
0.7245
0.4378
0.2387
0.1848
0.3288
0.5383
0.218
0.3975
0.3938
0.4893
0.3896
-0.068
0.0556
0.533
0.3617
0.5184
0.5057
0.4423
0.5634
0.4163
0.513
0.2652
0.3892
0.3145
0.5354
0.505
0.2244
0.2744
0.5186
0.3543
0.176
0.4718
0.0667
0.1626
0.3943
0.2268
0.6402
0.3111
0.5365
0.4381
0.4672
0.3293
0.2937
0.4887
0.3807
0.5782
0.7777
0.6044
0.5516
0.3092
0.3263
-0.0587
0.1653
0.1473
0.4048
0.5467
0.5873
0.3279
0.332
0.5658
0.2541
0.3173
0.5037
0.7113
0.4052
-0.0335
0.3663
0.5915
0.6926
0.3016
0.4361
0.4239
0.488
0.6731
0.4091
0.4634
0.2537
0.2826
0.6853
0.4037
0.5223
0.5205
0.2289
0.5045
0.3067
0.2668
0.522
0.1136
0.6478
0.2552
0.6914
0.4584
0.5572
0.5424
0.5386
0.2977
0.0988
0.4564
0.5459
0.6174
0.45
0.6494
0.6372
0.222
0.5153
0.718
0.4872
0.4143
0.2815
0.6719
0.7393
0.2476
0.2528
0.1589
0.5081
0.3397
0.4455
0.4551
0.5345
0.4848
-0.0754
0.0246
0.3908
0.4392
-0.3737
0.5299
-0.0112
0.5836
0.5817
0.393
0.3821
0.5044
0.7032
0.3264
0.4326
-0.1157
0.5158
0.5054
0.4036
0.5092
0.1838
0.4521
0.5369
0.5473
0.5162
0.2989
0.5327
0.3526
0.2347
0.5429
0.4047
0.3756
0.2842
0.6336
0.0323
0.6619
0.5906
0.4359
0.2489
0.4353
0.271
0.1945
0.3479
0.1015
0.3763
0.5356
0.2668
0.3306
0.5625
0.5635
0.4528
0.4529
0.6747
0.3245
0.4652
0.6925
-0.0385
0.2595
0.3747
0.2402
0.4395
-0.0008
0.2469
0.1375
-0.0311
0.4034
0.2394
0.4846
0.2108
0.4261
0.4954
0.6337
0.2643
0.3829
0.5174
0.7612
0.4116
0.2804
0.5538
0.5029
0.5213
0.4374
0.14
0.1782
0.2953
0.2843
0.3524
0.5069
0.1748
0.6781
0.3466
0.4654
0.2673
0.0597
0.3498
0.5009
0.0138
0.6376
0.42
0.792
0.6728
0.425
0.5912
0.4326
0.2898
0.0596
-0.0957
0.6159
0.3495
0.3384
-0.1162
0.4498
0.382
0.4596
-0.0083
0.3553
0.3476
0.3189
0.4495
0.4495
0.1154
0.4778
0.4307
0.4438
0.3287
0.1022
0.5118
0.4789
0.8282
0.0051
0.2564
0.3937
0.2981
0.624
0.5057
-0.3137
0.2827
0.5522
0.3537
0.3181
0.3751
0.5252
0.4336
0.5324
0.5747
0.6053
0.5408
0.4619
0.1785
0.5704
0.4192
0.4826
0.5141
0.4998
0.4146
0.4781
0.2708
0.1328
0.2203
0.3955
0.4948
0.503
0.314
0.5389
0.5887
0.5571
0.259
0.4431
0.1633
0.616
0.4615
0.2474
0.437
-0.0345
0.2686
0.4786
0.6656
0.3935
0.4471
0.2741
0.2156
0.3271
0.4806
0.1697
0.3885
0.5036
0.4396
0.3102
0.4458
0.5063
0.4188
0.617
0.4095
0.4414
0.4837
0.0296
0.4524
0.4309
0.4094
0.1508
0.2497
0.3192
0.5814
0.3627
0.5833
0.1292
0.3796
0.1542
0.3411
0.6216
0.5097
0.6088
0.4035
0.1228
0.3481
0.4988
0.3401
0.5097
0.4687
0.2889
0.3607
0.262
0.2661
0.4864
0.665
0.2111
0.5587
0.092
0.0986
0.48
0.3463
0.4807
0.322
0.3856
0.6629
0.3842
0.1992
0.334
0.5417
0.4533
0.6291
0.3192
0.5849
0.517
0.6013
0.0019
0.3952
0.4063
0.2252
0.1915
0.3726
0.3151
0.5125
0.3728
0.3211
0.5435
0.3813
0.5106
0.4893
0.5445
0.6773
0.4459
0.6469
0.2375
0.2594
0.2841
0.5306
0.3748
0.2293
0.4414
0.444
0.5666
0.3123
0.4607
0.5177
0.2606
0.6276
0.452
0.4026
0.3204
0.3516
0.2458
0.3948
0.3365
0.1605
0.489
0.525
0.5921
0.3851
0.2791
0.3832
0.2826
0.3412
0.536
0.204
0.3939
0.1807
0.2188
0.4276
0.4674
0.3157
0.6097
0.5197
0.2238
0.3419
0.262
0.4305
0.5475
0.5421
0.6623
0.6935
0.4984
0.5337
0.4162
0.4921
0.016
0.234
0.3424
0.5677
0.17
0.4804
0.4264
0.6487
0.5872
0.71
0.2227
0.4649
0.5872
0.502
0.4194
0.6299
0.5435
0.51
0.2533
0.5703
0.3789
0.4052
0.4358
-0.0381
0.4575
0.5518
0.3496
0.4534
0.2761
0.2313
0.2789
-0.0018
0.1338
0.3374
0.6043
0.6099
0.326
0.3017
0.4588
0.524
0.4394
0.5212
0.5198
0.0546
0.6488
0.5165
0.6792
0.1267
0.428
0.1787
0.3935
0.3819
0.3451
0.6905
0.255
0.2436
0.0913
0.1004
0.6175
0.2022
0.4599
0.7357
0.3874
0.5575
0.4073
0.4752
0.5009
0.066
0.2024
0.3546
0.2365
0.4588
0.2607
0.4087
0.2501
0.3322
0.2561
0.4641
0.3239
0.1615
0.2655
0.5803
0.178
0.4903
0.5246
0.3802
0.2789
0.3052
0.5271
0.3401
0.3024
-0.1664
0.0076
0.3285
0.4922
0.6129
0.3875
0.4011
0.5178
0.2245
0.0152
0.4103
0.3136
0.5894
0.0806
0.4122
0.4721
0.4421
0.2864
0.4343
0.0717
-0.005
0.3499
0.2934
0.3302
0.2785
0.3936
-0.2009
0.2148
0.3931
0.4775
0.3704
0.5427
0.3778
0.4421
0.4874
0.4619
0.5528
0.256
0.1617
0.2317
0.484
0.5216
0.2707
0.2893
0.4451
0.3448
0.5457
0.7444
0.4471
0.555
0.5253
0.4348
0.2298
0.5827
0.2556
0.3321
0.5912
0.2406
0.2978
0.4905
0.2319
0.4259
0.3527
0.4054
0.5222
0.3638
0.5238
0.5227
0.4892
0.515
0.2373
0.2617
0.3501
0.3689
0.3654
0.5235
0.1813
0.2151
0.4968
0.4042
0.4195
-0.0131
0.6665
0.3707
0.1773
0.6285
0.5783
0.4978
0.493
0.3675
0.4889
0.1422
0.5193
0.4547
0.4085
0.3539
0.353
0.1105
0.3669
0.1367
0.2921
0.0733
0.5159
0.6393
0.3753
0.5041
0.2706
0.5116
0.5837
0.1937
0.362
0.4229
0.1828
0.3216
0.1926
0.5013
0.5108
0.387
0.524
0.7125
0.486
0.386
0.5509
0.5667
0.4213
0.4532
0.1902
0.1797
0.4005
0.4978
0.4213
0.1095
0.4069
0.1562
0.4094
0.2399
0.1194
0.2211
0.514
0.3458
0.1291
0.4064
0.3939
0.373
-0.2431
0.4529
0.2268
0.2607
0.377
0.2874
0.4415
0.5979
0.3181
0.3416
0.1473
0.3927
0.1848
0.3469
0.3181
0.6211
0.2788
0.1967
0.2367
0.461
0.3129
0.3722
0.4236
0.035
0.2529
0.4353
0.1342
0.1882
0.377
0.6734
0.3131
0.3214
0.3593
0.5101
0.2905
0.5442
0.4754
0.3988
0.5077
0.0862
0.2886
0.4303
0.2425
0.2732
0.4189
0.4224
0.516
0.5035
0.3446
0.6646
0.3147
0.4105
0.4364
0.4595
0.3371
0.3836
0.3687
0.6414
0.7296
0.527
0.3376
0.5476
0.4944
0.4046
0.3518
0.3474
0.4782
0.4023
0.3886
0.7344
0.5247
0.5292
0.4455
0.3774
0.7051
0.1586
0.4507
0.2744
0.2228
0.5598
0.4465
0.3815
0.4103
0.2856
0.4276
0.2432
0.4611
0.1986
0.4654
0.4085
0.1164
0.5524
0.3873
0.489
0.2374
0.5301
0.5481
0.604
0.5121
0.4215
0.3035
0.3927
0.3704
0.42
0.6368
0.6036
0.44
0.6217
0.5677
0.1461
0.3184
0.2572
0.5521
0.3378
0.4168
0.469
0.1876
0.0945
0.4265
0.4847
0.0524
0.1066
0.1652
0.4869
0.4147
0.1339
0.1151
0.102
0.3242
0.5731
0.523
0.234
0.4032
0.3365
0.4166
0.2738
0.4087
0.3863
0.419
0.3261
0.3876
0.4955
0.6236
0.5132
0.4128
0.3036
0.2557
0.6778
0.3132
0.394
0.5782
0.5876
0.393
0.5825
0.4822
0.6394
0.2551
0.5927
0.5565
0.357
0.3906
0.1967
0.5237
0.4758
0.2766
0.3823
0.3293
0.3457
0.3323
0.4358
0.6242
0.2339
0.3894
0.2834
0.5365
0.8207
0.3103
0.4279
0.1804
0.6501
0.2081
-0.2756
0.0581
0.4204
0.6898
0.5602
0.4993
0.4073
0.3884
0.2203
0.222
0.2157
0.5355
0.0665
0.6779
0.4468
0.412
0.2064
0.563
0.3333
0.4731
0.1802
0.3861
0.4933
0.5337
0.3246
0.3677
0.5616
0.1737
0.3295
0.6511
0.3268
0.1646
0.402
0.0887
0.3921
0.4549
0.789
0.4051
0.5387
0.3322
0.2474
0.3063
0.4669
0.5156
0.5844
0.2661
0.8235
0.2134
0.4051
0.3296
0.4046
0.2807
0.4478
0.3112
0.5531
0.3106
0.421
0.6602
0.3882
0.3561
0.4509
0.3607
0.5307
0.2573
-0.1687
0.6184
0.6656
0.4138
0.1408
0.3932
0.3249
-0.0025
0.4915
0.4524
0.3996
0.2144
0.7302
0.536
0.0121
0.3256
0.5833
0.4246
0.2592
0.3838
0.5527
0.4849
0.4687
0.6348
0.5131
0.4028
0.5522
0.52
0.4267
0.4562
0.1845
0.5475
0.3554
0.6364
0.1263
0.6478
0.4773
0.4656
0.3117
0.6124
0.2709
0.5453
0.2095
0.5004
0.2682
0.2847
0.4237
0.0608
0.4933
0.3544
0.3117
0.4703
0.4108
0.4843
0.3257
0.5306
0.3611
0.259
0.1575
0.3804
0.412
0.2037
0.5691
0.4848
0.3514
0.3443
0.1621
0.4593
0.2468
-0.0462
0.4091
0.392
0.4887
0.1929
0.5153
0.5633
0.1696
0.4099
0.4227
0.3666
0.0354
0.1771
0.3189
0.5015
0.0321
0.2299
0.3317
0.3276
0.3368
0.4111
0.1264
0.5879
0.6683
0.5195
0.4706
0.555
0.4359
0.2969
-0.004
0.6299
-0.0417
0.2989
0.4853
0.2272
0.423
0.3991
0.3974
0.4508
0.7159
0.5624
0.3126
0.3574
0.3838
0.5756
0.4527
0.3697
0.0398
0.3148
0.3244
0.5215
0.4368
0.456
0.5506
0.2481
0.1863
0.3099
0.5771
0.2301
0.5697
0.4792
0.3932
0.4934
0.4531
0.1524
0.4525
0.3665
0.5646
0.5152
0.5653
0.1523
0.2313
0.5091
0.3559
0.3427
0.1983
0.2756
0.1303
0.4074
0.555
0.5077
0.3104
0.5257
0.5022
0.5124
0.1136
0.355
0.3411
0.4222
0.3731
0.0645
0.1844
0.5807
0.5245
0.2858
0.466
-0.3402
0.5233
0.2098
0.2546
0.3598
0.4746
0.6881
0.6093
0.6029
0.2621
0.0391
0.6305
0.5268
0.0982
0.502
0.3124
0.5471
0.6117
0.4409
0.674
0.2516
0.5048
-0.02
0.5286
0.0586
0.1175
0.4228
0.5595
0.3675
0.4052
0.4404
0.1016
0.2693
0.5973
0.317
0.54
0.4402
0.4343
0.3884
0.3925
0.2719
0.3564
0.1173
0.2938
0.2351
0.4453
0.69
0.4253
0.254
0.238
0.3678
0.5267
0.5982
0.224
0.4769
0.3115
0.3766
0.6818
0.4606
0.2775
0.2323
0.3
0.3207
0.1808
0.3734
0.3689
0.4001
0.1629
0.4431
0.3291
0.564
0.3556
0.6147
0.0775
0.3915
0.4254
0.4646
0.4454
0.6403
0.5431
0.3684
0.2898
0.6557
0.469
0.5835
0.482
0.4236
0.4786
0.2932
0.6779
0.3501
0.4552
0.4151
0.0844
0.1992
0.1315
0.6832
0.3483
0.3217
0.2746
0.566
0.6425
0.3192
0.5189
0.6062
0.3694
0.2869
0.5101
0.2117
0.3446
0.3894
-0.2669
-0.0541
0.3146
0.5596
0.2835
0.6446
0.4701
0.5421
0.5184
0.3901
0.5513
0.2845
0.2947
0.2076
0.6292
0.4682
0.2222
0.4224
0.3675
0.1987
0.5568
0.6824
0.2713
0.4279
0.5441
0.3237
0.5736
0.2171
0.3828
0.4797
0.199
0.4979
0.3984
0.5933
0.2156
0.3261
0.5517
0.2549
0.5212
0.5641
0.4258
0.1628
0.6453
0.0911
0.6003
0.474
0.5286
0.5897
0.5251
0.4014
0.1398
0.6129
0.684
0.5837
0.7689
0.2151
0.1566
0.5985
0.644
0.3552
0.1101
0.4068
0.5287
0.0123
0.4842
0.2595
0.598
0.4563
0.2348
0.3606
0.4412
0.4537
0.3688
0.6286
0.4596
0.364
0.475
-0.2108
0.2725
0.6195
0.5505
0.288
0.1187
0.8216
0.3645
0.1476
0.287
-0.0516
0.4275
0.6426
0.2743
0.2748
0.1966
0.2737
0.6061
0.3044
0.2272
0.3618
0.5475
0.3158
0.3032
0.3465
0.7748
0.2407
0.3822
0.4081
0.0427
0.0636
0.2131
0.4735
0.3949
0.784
0.5638
0.3015
0.3706
-0.1375
0.6446
0.4401
0.5308
0.3359
0.4016
0.5228
0.4149
0.6157
0.6725
0.4757
0.4598
0.5543
0.4848
0.3926
0.2818
0.5733
0.4417
0.5016
0.3942
0.4329
-0.2144
0.5272
0.6102
0.4494
0.4985
0.4306
0.4893
0.6068
0.6474
0.1835
0.2029
0.641
0.2498
0.3399
0.0382
0.47
0.2046
0.5132
0.4761
0.3893
0.3595
0.5946
0.1302
0.4874
0.3121
0.316
0.3048
0.0288
0.3089
0.5517
-0.1116
0.7353
0.5843
0.4326
0.3075
0.4973
0.687
0.8025
0.3721
0.463
0.5418
0.4993
0.2147
0.4088
0.6026
0.3602
0.3145
0.7219
0.9334
0.3692
0.5105
0.3707
0.5503
0.1623
0.3889
0.1356
0.297
0.4064
0.1157
0.0966
0.281
0.2552
0.7252
0.2795
0.2183
0.5367
0.6207
-0.1582
0.3596
0.5519
0.3868
0.7059
0.4981
0.5625
0.5301
0.1628
0.8138
0.5896
0.124
0.5403
0.5143
0.4062
0.3788
-0.0677
0.3877
0.606
0.6593
0.6717
0.7882
0.6535
0.4215
0.2361
0.3319
0.2649
0.3596
0.2236
0.5713
0.3021
0.7985
0.6147
0.4285
0.5284
-0.1513
0.5623
0.4994
0.0937
0.451
-0.5875
0.3535
0.2621
0.2683
0.1662
0.2412
0.5188
0.159
0.4173
0.4622
0.6277
0.578
0.5724
0.539
0.4627
0.6258
0.2782
0.297
0.5915
0.3376
0.6337
0.3899
0.5164
-0.1685
0.3235
0.2273
0.0107
0.4589
0.5425
0.7685
0.311
0.7598
0.6508
0.9219
0.4584
0.6064
0.4385
0.3607
0.3497
0.5081
0.5524
0.6602
0.1469
-0.408
0.6019
0.5079
0.6564
0.3186
0.3234
0.8221
0.5029
0.3636
0.7798
0.0693
0.5955
0.4689
0.4034
0.4868
0.5368
0.314
0.7095
0.8738
0.4876
0.6555
0.396
0.1674
0.1934
0.3494
0.2885
0.3679
0.356
0.3616
-0.0273
0.1279
0.2063
0.4223
0.5855
0.3524
0.1458
0.4572
0.7372
0.6124
0.4986
0.5442
0.3274
-0.0019
0.6637
0.5247
0.2962
0.4238
0.4159
0.3596
0.1726
0.3381
0.4175
0.4552
0.2476
0.4237
0.5184
0.4076
0.0304
0.3968
0.435
0.3702
0.4076
0.5221
0.4404
0.4452
0.4333
0.5577
0.0907
0.621
0.6726
0.4016
0.0969
-0.079
0.0554
0.3624
0.8294
0.4965
0.1242
0.3632
0.4972
0.235
0.1727
0.3958
0.159
0.556
0.5111
0.3395
0.2261
0.3815
0.2647
0.4303
0.8667
0.7301
0.1665
0.5591
0.53
0.2431
0.2873
0.4054
0.6036
0.6453
0.4483
0.4552
0.3399
0.549
0.4639
0.1596
0.2381
0.6037
0.0328
0.4614
0.3256
0.4604
0.7095
0.3568
0.4333
0.3469
0.1602
0.7097
0.1649
0.3883
0.6708
0.5498
0.385
0.3729
0.2695
0.0821
0.3657
0.1279
-0.042
0.4296
0.3761
0.5337
0.2683
0.0796
0.6117
0.4371
0.3431
0.4006
-0.0034
0.3526
0.3376
0.4262
0.541
0.3586
0.4955
0.4869
0.5167
0.6864
0.4437
0.6452
0.2922
0.8692
0.3726
0.6164
0.5475
0.168
0.2978
0.4412
0.3459
0.6025
0.4227
0.4914
0.492
0.8014
0.5009
-0.1231
0.6333
0.5082
0.4776
0.3176
0.3338
-0.0581
0.4104
0.1084
0.457
0.2156
0.4964
0.2129
0.3201
0.2463
0.3658
-0.0067
0.5116
0.8296
0.2379
0.0995
0.5997
0.0607
0.5989
0.2443
0.4872
0.2536
0.391
0.3735
0.423
0.4583
0.2049
0.1835
0.4095
0.5648
0.5036
0.3594
0.711
0.3775
0.4521
0.5081
0.2169
0.139
0.1836
0.4202
0.514
0.5659
0.242
0.3528
0.4925
-0.1131
0.0059
0.2596
0.3403
0.6918
0.4987
0.4346
0.4584
0.2998
0.7376
0.1511
0.4464
0.5674
0.3762
0.6545
0.4446
0.5202
0.5382
0.5045
0.4811
0.4939
0.109
0.6455
0.4494
0.5988
0.6851
0.3849
0.4784
0.3474
0.0815
0.3446
0.9358
0.235
0.4287
0.0559
0.391
0.7143
0.5094
0.4508
0.3383
0.464
0.5421
0.5989
0.6717
0.4974
0.4424
0.1556
0.8728
0.3246
0.6172
0.3982
0.4276
0.3468
0.2969
0.5157
0.4029
0.3261
0.3991
0.4461
0.673
0.57
0.4897
0.5136
0.4054
0.6028
0.6303
0.487
0.4473
0.3888
0.1202
0.5232
0.5046
0.5672
0.1561
0.1746
0.2147
0.4279
0.4032
0.6844
0.4426
0.6255
0.4361
0.6298
0.3302
0.2451
0.6383
0.392
0.3018
0.3454
0.5107
0.3225
0.5289
0.4943
0.5642
0.4692
0.6577
0.1639
0.122
0.4729
0.4215
0.136
0.4159
0.1359
0.5896
0.0518
0.5938
0.3453
0.0654
0.589
0.1232
0.2203
0.8782
0.5335
0.6076
0.7096
0.291
0.2561
-0.0504
0.3017
0.2066
0.344
0.2855
0.5783
0.6103
0.2934
0.6139
0.4759
0.6427
0.3699
0.7926
0.358
0.1402
0.4422
0.6022
0.5089
0.6416
0.2975
0.7113
0.4435
0.2403
0.4438
0.489
0.2623
0.4458
0.543
0.1324
0.5735
0.5757
0.4032
0.4217
0.3982
0.3735
0.3526
0.4972
0.155
0.197
0.2372
0.6951
0.8536
0.2732
0.4513
0.516
0.1911
0.3615
0.3367
0.4143
0.4128
0.5362
0.5139
0.3137
0.4088
0.3008
0.2301
0.4053
0.388
0.2166
0.4824
0.3865
0.0641
0.3741
0.209
0.4869
0.4128
0.4822
0.6775
0.2454
0.5405
0.586
0.5433
0.6559
0.5681
0.573
0.4811
0.3651
-0.0168
0.1372
0.39
0.0588
0.3724
0.352
0.2876
0.4906
0.325
0.3993
0.1392
0.2427
0.2366
0.2065
0.2016
0.449
0.3687
0.1888
0.6105
0.5648
0.2123
0.6224
0.6526
0.5262
0.3291
0.5878
0.2978
0.5431
0.4409
0.5414
0.3206
0.6245
-0.1295
0.3077
0.2456
0.2408
0.2173
0.5857
0.2237
0.4296
0.4416
0.2685
0.4606
0.6097
0.5535
0.3898
0.3346
0.3624
0.5203
0.1944
0.4178
0.3049
0.0951
0.6761
0.5249
0.7077
0.3144
0.5651
0.0894
0.4769
0.488
0.2764
0.5726
0.7498
0.411
0.4717
0.5069
0.3326
0.317
0.6038
0.2828
0.0667
0.5764
0.0884
0.53
0.4784
0.6834
0.5459
0.2809
0.2773
0.4648
0.2063
0.1998
0.6867
0.4547
0.1933
0.4444
-0.0355
0.5116
0.0489
0.4433
0.0695
0.2109
0.1669
0.3346
0.1903
0.4374
0.4695
0.4475
0.3081
0.39
0.5075
0.3535
0.4262
0.4563
0.4578
-0.1035
0.0336
0.3497
0.2336
0.2666
0.2977
-0.0457
0.6875
0.3344
0.4077
0.515
0.1343
0.2082
0.5799
0.4359
0.5909
0.5191
0.4059
0.4415
0.2193
0.6199
0.5528
0.3849
0.1105
0.4958
0.8521
0.3881
0.4795
0.4248
0.5403
0.4911
0.3134
0.6957
-0.0432
0.7968
0.33
0.4147
0.5306
0.0899
0.2331
0.3629
0.6033
0.3706
0.4048
0.4206
0.3538
0.3569
0.4766
0.4456
0.5979
0.6459
0.3874
0.6382
0.2642
0.3097
0.5352
0.7559
0.5099
0.4933
0.4554
0.2025
0.4174
0.5751
0.2895
0.3432
0.5037
0.0133
0.2146
-0.2071
0.5653
0.4187
0.4422
0.4239
0.4149
0.7908
0.2447
0.6671
0.5002
0.1909
0.5956
0.3796
0.5368
0.249
0.3008
0.5326
-0.0517
0.1001
0.3475
0.6163
0.4505
0.3688
0.1797
0.468
0.5383
0.3988
0.278
0.6162
0.371
0.4496
0.4523
0.3216
0.4038
0.6037
0.4725
0.0871
0.4276
0.5779
0.1978
0.627
0.5906
0.0327
0.671
0.2793
0.4369
0.2493
0.4167
0.5533
0.3991
0.6664
0.4835
0.6966
0.3373
0.5527
0.7476
0.5765
0.3729
0.3326
0.5178
0.3183
0.3833
0.4007
0.4993
0.5489
0.4577
0.3654
0.6792
0.2866
0.5152
0.2644
0.575
0.63
0.3613
0.5722
0.4703
0.2168
0.1453
0.6564
0.4081
0.4595
0.4973
0.9326
0.5675
0.6362
0.4437
0.2605
0.2585
0.5439
0.3448
0.471
0.7095
0.4993
0.4772
0.4122
0.2672
0.8365
0.3916
0.2523
0.8016
0.4699
0.6482
0.2547
0.6537
0.2607
0.3364
0.2522
0.3586
0.6388
0.4072
0.6674
0.7684
0.6242
0.4221
0.398
0.578
0.2084
0.451
0.7196
0.4303
0.1569
0.3696
0.1293
0.4436
0.5246
0.4589
0.453
0.4774
0.4156
0.4466
0.0537
0.523
0.0606
0.448
0.4755
0.2593
0.2867
0.3814
0.4729
0.2172
0.5199
0.447
0.2749
0.3903
0.4756
0.5126
0.3138
0.4874
0.4059
0.376
0.4402
0.5104
0.3315
0.492
0.3652
0.3837
0.3486
0.471
0.1975
0.2673
0.2244
0.2514
0.4081
0.5827
0.4533
0.4773
0.9353
0.2668
0.4298
0.6968
0.3532
0.0666
-0.2242
0.3388
0.4399
0.2472
0.5417
0.1113
0.5895
0.1768
0.4743
0.6012
0.4031
0.2605
0.4893
0.4671
0.3701
0.5021
0.2913
0.6867
0.3074
0.4492
