0.773
0.791
0.7226
0.8244
0.9211
0.9247
0.8248
0.9428
0.7929
0.8169
0.8296
0.8738
0.5941
0.928
0.8674
0.8527
0.6992
0.8017
0.6555
0.7381
0.825
0.8501
0.6921
0.739
0.7112
0.5252
0.9018
0.9071
0.7422
0.8636
0.8178
0.7844
0.5206
0.7356
0.7478
0.6994
0.6393
0.9249
0.797
0.8944
0.8938
0.9285
0.7135
0.8382
0.4169
0.4599
0.8355
0.6005
0.8541
0.7612
0.5759
0.8692
0.8811
0.8687
0.6653
0.7773
0.7888
0.575
0.7706
0.8049
0.7959
0.9086
0.8467
0.9327
0.8761
0.5936
0.6818
0.8381
0.8301
0.6943
0.8891
0.6176
0.9034
0.8278
0.7436
0.8602
0.6868
0.8297
0.6068
0.8928
0.7354
0.7648
0.8644
0.9276
0.8772
0.9369
0.655
0.827
0.886
0.8633
0.7346
0.4054
0.6614
0.9046
0.824
0.6043
0.8965
0.6948
0.6879
0.8493
0.7535
0.7794
0.8222
0.6571
0.8352
0.8216
0.605
0.5107
0.794
0.768
0.6794
0.8383
0.7343
0.823
0.6639
0.778
0.7909
0.5129
0.5982
0.6592
0.6147
0.7157
0.7989
0.8803
0.8246
0.857
0.7835
0.8134
0.8493
0.8962
0.8869
0.8369
0.9012
0.8649
0.7672
0.732
0.9021
0.8096
0.8693
0.6592
0.7955
0.769
0.6798
0.8089
0.688
0.8303
0.9212
0.6567
0.8154
0.6679
0.8564
0.6268
0.8573
0.8859
0.7752
0.7285
0.9273
0.8449
0.7993
0.8423
0.6973
0.4499
0.5482
0.7962
0.8186
0.6347
0.7309
0.7571
0.8723
0.6745
0.7423
0.8498
0.7489
0.6791
0.7764
0.5295
0.6394
0.9318
0.4494
0.854
0.6656
0.8657
0.7694
0.8992
0.8281
0.6018
0.6854
0.8097
0.867
0.5709
0.716
0.8378
0.8282
0.5975
0.676
0.8728
0.8197
0.8089
0.7307
0.732
0.8815
0.6336
0.7543
0.8026
0.3589
0.9367
0.7535
0.7098
0.7989
0.8385
0.8406
0.7234
0.4353
0.519
0.6696
0.6097
0.8155
0.8466
0.769
0.8969
0.879
0.7841
0.7654
0.8782
0.6649
0.7387
0.722
0.9069
0.7328
0.7089
0.8744
0.8024
0.394
0.7206
0.8892
0.9017
0.8622
0.7936
0.7749
0.8512
0.5901
0.8728
0.8983
0.8056
0.832
0.8765
0.8163
0.7334
0.8991
0.7596
0.7551
0.9058
0.825
0.8767
0.4599
0.8044
0.8691
0.7082
0.7921
0.6116
0.8779
0.7844
0.8689
0.6103
0.5291
0.3751
0.8377
0.8296
0.7891
0.8901
0.7586
0.8394
0.5788
0.8761
0.8806
0.6444
0.6438
0.8415
0.8185
0.7162
0.799
0.7622
0.7219
0.7342
0.7888
0.8914
0.8044
0.6068
0.5888
0.6703
0.8429
0.6009
0.7205
0.8364
0.9355
0.8764
0.885
0.4837
0.7876
0.7415
0.8628
0.8232
0.8573
0.8785
0.7134
0.9135
0.9187
0.7747
0.6122
0.8072
0.5997
0.6116
0.7417
0.8296
0.9221
0.7458
0.7921
0.925
0.924
0.7638
0.2168
0.1504
0.796
0.4389
0.9256
0.7436
0.7459
0.8648
0.7971
0.8142
0.6469
0.3771
0.9416
0.8883
0.4915
0.7708
0.6887
0.7598
0.7537
0.9058
0.848
0.7834
0.6459
0.7407
0.7455
0.6493
0.7534
0.7143
0.3579
0.8491
0.8093
0.7346
0.6563
0.7197
0.8738
0.8817
0.8625
0.797
0.8203
0.6828
0.8078
0.862
0.8963
0.8337
0.6731
0.873
0.813
0.8117
0.5924
0.9206
0.4909
0.5922
0.8495
0.636
0.7741
0.8796
0.701
0.8355
0.7902
0.7444
0.8488
0.859
0.6285
0.7775
0.7859
0.8431
0.7594
0.8565
0.9043
0.7382
0.8003
0.7262
0.8173
0.6667
0.8291
0.8083
0.7372
0.8024
0.8666
0.8117
0.841
0.7989
0.7643
0.8128
0.4609
0.8841
0.7294
0.8178
0.5893
0.8034
0.2671
0.8047
0.8328
0.9164
0.7907
0.8187
0.8044
0.7127
0.6531
0.7792
0.8557
0.5003
0.8182
0.6812
0.718
0.836
0.6553
0.8449
0.7106
0.7333
0.5787
0.6325
0.7944
0.8705
0.9083
0.7499
0.7792
0.9249
0.8803
0.7133
0.8276
0.6354
0.8868
0.8094
0.7145
0.7576
0.9301
0.4762
0.7516
0.837
0.8445
0.4889
0.8862
0.844
0.7994
0.9169
0.768
0.7823
0.8222
0.6753
0.6643
0.9128
0.8153
0.6787
0.4436
0.8892
0.8192
0.2122
0.7786
0.8276
0.558
0.8812
0.7352
0.5129
0.9268
0.779
0.8876
0.5913
0.6585
0.7958
0.6434
0.8783
0.7454
0.4652
0.8131
0.8818
0.7856
0.4061
0.7914
0.8207
0.8687
0.806
0.9032
0.6898
0.8626
0.6081
0.8106
0.7821
0.5275
0.8392
0.5935
0.5556
0.6494
0.7332
0.8972
0.7335
0.6918
0.9328
0.878
0.8757
0.8436
0.7718
0.8537
0.8836
0.7267
0.79
0.8646
0.8151
0.78
0.7888
0.7251
0.448
0.9102
0.7327
0.8642
0.906
0.9254
0.7596
0.8181
0.8579
0.8817
0.4294
0.6859
0.7049
0.8699
0.7815
0.7452
0.8625
0.9068
0.7957
0.7305
0.7658
0.8516
0.5958
0.8036
0.856
0.7848
0.823
0.894
0.8316
0.8877
0.7099
0.6907
0.8016
0.4661
0.8785
0.6773
0.8853
0.6011
0.7736
0.8198
0.7924
0.8492
0.799
0.7759
0.7251
0.6939
0.8067
0.8487
0.8337
0.9257
0.8331
0.6938
0.6769
0.5365
0.7412
0.6985
0.7325
0.7977
0.7558
0.902
0.6945
0.8408
0.9186
0.8703
0.9118
0.7228
0.9302
0.8384
0.6165
0.8512
0.5147
0.8171
0.6795
0.8481
0.8214
0.8606
0.8876
0.0724
0.7821
0.509
0.8291
0.8646
0.5563
0.8681
0.7333
0.6991
0.7153
0.7639
0.9493
0.8219
0.7498
0.7373
0.745
0.8323
0.443
0.8521
0.891
0.8768
0.92
0.7617
0.6602
0.7927
0.8488
0.7985
0.8636
0.7379
0.8261
0.8041
0.486
0.8782
0.8607
0.6835
0.8991
0.878
0.837
0.8501
0.848
0.831
0.6067
0.8427
0.854
0.9089
0.686
0.6921
0.55
0.7288
0.7649
0.7145
0.1836
0.8743
0.8568
0.8936
0.7728
0.584
0.8635
0.7856
0.7616
0.8706
0.6482
0.9219
0.8584
0.8969
0.6968
0.9173
0.7413
0.4617
0.7767
0.6923
0.848
0.8638
0.8144
0.8147
0.8221
0.874
0.927
0.9255
0.8066
0.7621
0.8079
0.7353
0.7901
0.7833
0.8727
0.8315
0.7367
0.7166
0.6546
0.9187
0.844
0.5898
0.8803
0.9277
0.8668
0.8535
0.8293
0.8041
0.8114
0.6947
0.9071
0.7176
0.7556
0.5311
0.762
0.8764
0.8798
0.7732
0.7251
0.7472
0.7819
0.8234
0.6053
0.8518
0.7362
0.7491
0.7678
0.8995
0.9469
0.8876
0.853
0.8104
0.741
0.8892
0.7692
0.9206
0.8966
0.7599
0.8108
0.8687
0.7228
0.716
0.7492
0.6577
0.7917
0.8516
0.9256
0.7893
0.715
0.7879
0.8223
0.8319
0.8271
0.7607
0.7365
0.6978
0.824
0.766
0.8461
0.6456
0.8544
0.7802
0.898
0.7547
0.8943
0.7833
0.6852
0.7502
0.7588
0.829
0.892
0.6755
0.768
0.8411
0.8925
0.8635
0.9172
0.8403
0.8022
0.4348
0.8023
0.534
0.6859
0.8197
0.8973
0.4904
0.732
0.7554
0.7798
0.845
0.8986
0.7939
0.9278
0.7852
0.6175
0.69
0.8846
0.5908
0.8515
0.805
0.9255
0.8265
0.556
0.8527
0.8122
0.6639
0.8367
0.7584
0.8933
0.5932
0.9038
0.8787
0.8482
0.8514
0.804
0.7
0.8345
0.7334
0.8528
0.7757
0.8593
0.8697
0.7514
0.8577
0.8125
0.6391
0.6829
0.8821
0.7481
0.8685
0.9408
0.5025
0.6562
0.6188
0.6746
0.847
0.6567
0.7289
0.8125
0.8352
0.9004
0.8804
0.793
0.7855
0.8873
0.8421
0.8982
0.7458
0.8301
0.8166
0.7201
0.8679
0.9352
0.8789
0.909
0.6055
0.887
0.8077
0.826
0.6198
0.8988
0.8372
0.8721
0.6282
0.8787
0.8545
0.8173
0.9076
0.6602
0.7082
0.8597
0.71
0.7559
0.775
0.8402
0.6816
0.8365
0.6482
0.7155
0.5401
0.6704
0.8884
0.8071
0.7714
0.8681
0.7803
0.4081
0.8464
0.6815
0.865
0.8735
0.7993
0.915
0.8363
0.8899
0.5849
0.7661
0.7844
0.8832
0.9217
0.7735
0.8268
0.8871
0.8631
0.8501
0.9038
0.7467
0.5877
0.8339
0.8781
0.6738
0.8586
0.8561
0.8639
0.7857
0.8644
0.8133
0.8879
0.8628
0.5445
0.4966
0.8726
0.8858
0.8664
0.9304
0.8234
0.7591
0.7689
0.6423
0.778
0.8433
0.7359
0.8392
0.8714
0.7688
0.7124
0.8389
0.7196
0.6061
0.903
0.6247
0.8889
0.8021
0.783
0.6105
0.8549
0.788
0.9369
0.5035
0.8857
0.8951
0.5219
0.821
0.776
0.8074
0.8527
0.7958
0.5907
0.8091
0.6888
0.6953
0.724
0.5121
0.9301
0.745
0.6676
0.6853
0.6986
0.8588
0.7969
0.5207
0.8503
0.6674
0.8
0.72
0.848
0.7777
0.8732
0.681
0.8288
0.589
0.7873
0.8921
0.8181
0.8548
0.8613
0.8375
0.7537
0.8346
0.8478
0.6728
0.6526
0.8391
0.7821
0.9158
0.8106
0.8585
0.8897
0.6323
0.6874
0.752
0.7446
0.6929
0.9045
0.8671
0.6935
0.7781
0.798
0.6709
0.7549
0.8814
0.8315
0.8796
0.6968
0.9295
0.4663
0.8947
0.8918
0.8203
0.4948
0.7529
0.6503
0.7983
0.8858
0.7798
0.6672
0.8543
0.868
0.4531
0.9072
0.7441
0.8534
0.6901
0.8494
0.8436
0.6463
0.8138
0.8448
0.5594
0.7439
0.863
0.9056
0.4638
0.6846
0.7967
0.7614
0.8098
0.665
0.9127
0.7148
0.7193
0.7322
0.8888
0.8468
0.6699
0.6658
0.8176
0.9244
0.9056
0.7817
0.7973
0.8068
0.8979
0.6473
0.922
0.7533
0.9027
0.9334
0.8658
0.7961
0.9018
0.7994
0.872
0.705
0.9258
0.9409
0.8861
0.7609
0.8929
0.8894
0.8666
0.8173
0.5402
0.7039
0.7283
0.7681
0.781
0.7335
0.8094
0.6884
0.5657
0.9304
0.8308
0.7692
0.8875
0.6929
0.5965
0.7684
0.8082
0.8969
0.6948
0.8209
0.6178
0.8875
0.7291
0.7958
0.8362
0.8244
0.8997
0.8661
0.8334
0.8018
0.6758
0.6845
0.8739
0.7361
0.7979
0.8343
0.7049
0.8528
0.742
0.9156
0.7806
0.9033
0.888
0.8271
0.9211
0.8284
0.8405
0.8418
0.8731
0.6905
0.9116
0.8031
0.7429
0.5578
0.8871
0.6263
0.9122
0.7906
0.9221
0.8434
0.6157
0.6901
0.5704
0.7264
0.9035
0.7816
0.7257
0.7728
0.8493
0.4384
0.8864
0.8738
0.812
0.8084
0.748
0.8204
0.7559
0.4963
0.7776
0.8151
0.8408
0.8475
0.6601
0.809
0.7775
0.8136
0.6981
0.8926
0.8905
0.7253
0.7918
0.9059
0.8913
0.684
0.8337
0.7831
0.8344
0.6108
0.7314
0.7297
0.7872
0.6876
0.7934
0.778
0.7095
0.8246
0.6338
0.7278
0.8361
0.7728
0.8893
0.8375
0.768
0.7971
0.5359
0.8988
0.7229
0.6314
0.8091
0.7911
0.7658
0.4693
0.7728
0.8047
0.6497
0.7981
0.8393
0.8171
0.6789
0.6828
0.8889
0.6077
0.6714
0.7954
0.7578
0.4106
0.7469
0.8437
0.7079
0.8533
0.8804
0.7598
0.9422
0.7028
0.8897
0.7771
0.4131
0.6722
0.5838
0.5924
0.6045
0.8857
0.8184
0.7946
0.7514
0.3907
0.7723
0.5761
0.8556
0.7384
0.6302
0.7752
0.776
0.8418
0.8284
0.7985
0.8672
0.7901
0.6099
0.8619
0.8529
0.6483
0.8966
0.7714
0.9078
0.8198
0.647
0.7848
0.9247
0.8743
0.6376
0.8223
0.7436
0.5466
0.8705
0.913
0.9497
0.7775
0.8764
0.9631
0.7688
0.8363
0.7237
0.7079
0.8559
0.9517
0.7008
0.8359
0.7462
0.8608
0.709
0.7999
0.7514
0.9253
0.7423
0.9026
0.8414
0.2723
0.7417
0.7296
0.7113
0.6674
0.7403
0.8496
0.8082
0.8973
0.8745
0.8046
0.839
0.3768
0.7999
0.8293
0.8077
0.6881
0.8328
0.9034
0.8679
0.6439
0.5368
0.8718
0.8869
0.8527
0.6261
0.887
0.7803
0.8869
0.8398
0.786
0.4808
0.5549
0.7464
0.8487
0.5388
0.6469
0.8153
0.7077
0.3868
0.7385
0.814
0.7742
0.8402
0.7246
0.6213
0.5667
0.5039
0.5722
0.9018
0.7905
0.7778
0.808
0.8731
0.9192
0.8845
0.8515
0.824
0.7485
0.8175
0.7626
0.8232
0.6594
0.8459
0.7049
0.7489
0.7674
0.8529
0.8017
0.9159
0.8192
0.8475
0.8999
0.9187
0.8013
0.7509
0.8306
0.9297
0.9359
0.8632
0.7372
0.888
0.6765
0.4977
0.9146
0.8356
0.7547
0.8693
0.7561
0.7689
0.8776
0.8455
0.896
0.832
0.602
0.701
0.7982
0.8516
0.508
0.5823
0.8199
0.8391
0.8476
0.7977
0.7929
0.9029
0.7724
0.6665
0.6581
0.8837
0.6706
0.7965
0.6484
0.8631
0.7405
0.8019
0.567
0.8034
0.7376
0.9028
0.9117
0.7175
0.7831
0.9303
0.7964
0.7125
0.8613
0.9155
0.8353
0.9038
0.8726
0.7497
0.6542
0.8483
0.867
0.8145
0.8131
0.6905
0.871
0.8207
0.5589
0.7304
0.9044
0.7736
0.8743
0.9376
0.8109
0.8006
0.551
0.754
0.7862
0.9416
0.912
0.8278
0.8247
0.7416
0.8237
0.845
0.9063
0.6747
0.6639
0.709
0.8374
0.8157
0.6781
0.7022
0.7078
0.8065
0.7239
0.7519
0.6831
0.7225
0.8147
0.8451
0.8175
0.8769
0.8528
0.0271
0.8786
0.7355
0.8085
0.7287
0.9425
0.8152
0.7476
0.8897
0.8232
0.8235
0.8677
0.8262
0.7455
0.8271
0.8552
0.8994
0.6482
0.6396
0.9331
0.8224
0.5811
0.9161
0.6784
0.9205
0.8183
0.7033
0.6872
0.8451
0.7682
0.8514
0.815
0.7185
0.6389
0.8108
0.7218
0.8347
0.7589
0.8503
0.8304
0.7603
0.7892
0.8767
0.8454
0.818
0.5566
0.7948
0.872
0.7821
0.7155
0.916
0.538
0.7819
0.8457
0.9019
0.7396
0.8906
0.7104
0.64
0.7669
0.7907
0.6498
0.6991
0.9186
0.843
0.7916
0.8176
0.7792
0.5613
0.6407
0.8236
0.8656
0.8149
0.8086
0.6347
0.8099
0.7866
0.7513
0.5828
0.8208
0.9336
0.838
0.8297
0.6247
0.707
0.8381
0.7679
0.8354
0.8625
0.8475
0.916
0.6327
0.8223
0.8869
0.8939
0.8902
0.7653
0.6372
0.7801
0.7133
0.699
0.5804
0.7661
0.7832
0.8101
0.7714
0.79
0.8952
0.6382
0.6355
0.7764
0.8513
0.9298
0.9366
0.8288
0.7961
0.8463
0.9044
0.743
0.8818
0.9279
0.8658
0.3917
0.838
0.7433
0.5543
0.9092
0.9412
0.9104
0.4345
0.6627
0.8486
0.8271
0.7226
0.8638
0.6308
0.617
0.8532
0.7822
0.8197
0.6406
0.8147
0.9236
0.8534
0.8013
0.6909
0.8356
0.7426
0.4305
0.7994
0.7222
0.8417
0.7786
0.8981
0.7086
0.7637
0.8554
0.856
0.8115
0.7919
0.8547
0.8881
0.7665
0.7685
0.7649
0.859
0.8443
0.7356
0.9019
0.7924
0.7385
0.8123
0.8007
0.8261
0.6863
0.8008
0.8448
0.8269
0.7438
0.8416
0.8036
0.8452
0.4573
0.9528
0.7911
0.8764
0.8339
0.7371
0.8369
0.6327
0.8241
0.7794
0.6097
0.8382
0.8285
0.8252
0.9176
0.941
0.6113
0.8766
0.7774
0.6902
0.8745
0.8886
0.8866
0.8587
0.6725
0.8413
0.8261
0.8179
0.6327
0.8167
0.6226
0.6749
0.7349
0.7315
0.9201
0.8491
0.9011
0.6695
0.8831
0.8791
0.8648
0.9072
0.7305
0.9535
0.9172
0.6209
0.867
0.6995
0.6088
0.6931
0.8505
0.7658
0.8639
0.772
0.7376
0.9421
0.8568
0.463
0.8333
0.726
0.8848
0.6961
0.8249
0.7524
0.8019
0.7771
0.839
0.6738
0.8831
0.7251
0.8718
0.7351
0.9338
0.5991
0.6344
0.7056
0.6019
0.8589
0.9015
0.8347
0.7046
0.8611
0.7355
0.873
0.5854
0.8756
0.7545
0.7335
0.9065
0.865
0.8696
0.5007
0.8634
0.8457
0.8138
0.8113
0.7082
0.746
0.8355
0.7822
0.8165
0.5798
0.8201
0.4688
0.7033
0.8083
0.8703
0.5429
0.7692
0.8195
0.8173
0.773
0.8734
0.6998
0.8387
0.8889
0.6928
0.7362
0.8507
0.4893
0.8721
0.6675
0.761
0.8569
0.8262
0.7936
0.8561
0.7937
0.7703
0.8064
0.6303
0.6463
0.6363
0.8229
0.8579
0.3837
0.6906
0.7909
0.8153
0.8141
0.6253
0.9439
0.7546
0.9083
0.6979
0.6916
0.6404
0.7359
0.7398
0.7921
0.8414
0.9085
0.7379
0.6625
0.9112
0.8109
0.7205
0.8842
0.7794
0.6805
0.7846
0.7151
0.634
0.691
0.4055
0.8173
0.8355
0.7768
0.8914
0.7855
0.9298
0.8947
0.8046
0.84
0.6476
0.9049
0.6769
0.4855
0.768
0.8819
0.7297
0.7876
0.7577
0.5523
0.8118
0.7165
0.8449
0.8623
0.7216
0.7062
0.8688
0.8725
0.8932
0.7779
0.7758
0.8939
0.7588
0.4698
0.59
0.72
0.7677
0.7604
0.883
0.7794
0.773
0.7561
0.6891
0.7922
0.8753
0.819
0.8872
0.8203
0.8153
0.9748
0.7984
0.8949
0.7631
0.5757
0.602
0.581
0.9049
0.8279
0.809
0.8759
0.8029
0.777
0.8378
0.6857
0.6877
0.9403
0.8401
0.9397
0.8777
0.8407
0.8477
0.7952
0.8101
0.4164
0.6175
0.8206
0.7756
0.8335
0.8422
0.8919
0.8386
0.5823
0.912
0.6769
0.5232
0.8508
0.7458
0.7935
0.8057
0.8593
0.4846
0.8481
0.7481
0.8837
0.8423
0.747
0.6931
0.8133
0.8141
0.7051
0.9041
0.7941
0.7902
0.8413
0.8708
0.7531
0.7882
0.7125
0.8821
0.8386
0.6459
0.805
0.8987
0.4987
0.5965
0.8458
0.7523
0.7883
0.7816
0.5714
0.7642
0.7896
0.7774
0.9063
0.6869
0.7402
0.7904
0.8315
0.7743
0.7201
0.5722
0.7994
0.8981
0.8681
0.862
0.6233
0.8487
0.6998
0.9026
0.7599
0.5947
0.9094
0.875
0.8848
0.8973
0.8041
0.8594
0.678
0.807
0.9062
0.8103
0.7596
0.9432
0.8606
0.6271
0.8746
0.6988
0.6133
0.9392
0.8056
0.9133
0.8399
0.8237
0.8748
0.7237
0.7499
0.842
0.8433
0.6472
0.6662
0.8838
0.1675
0.8451
0.6888
0.8339
0.8965
0.8537
0.834
0.8337
0.6163
0.7002
0.7844
0.7783
0.5461
0.8253
0.8901
0.8383
0.6269
0.6945
0.8564
0.8125
0.8334
0.6878
0.8481
0.7511
0.8726
0.8439
0.7586
0.9266
0.8622
0.7878
0.7206
0.6905
0.7235
0.7089
0.6894
0.7114
0.6892
0.5617
0.8411
0.8662
0.8927
0.8843
0.8915
0.8205
0.8642
0.7483
0.7255
0.9159
0.8241
0.8782
0.8823
0.805
0.2254
0.8267
0.8411
0.692
0.8505
0.9288
0.8574
0.8319
0.8443
0.9547
0.7242
0.7594
0.8781
0.7216
0.7929
0.819
0.6236
0.8623
0.5774
0.8705
0.6748
0.7695
0.7825
0.7143
0.5116
0.9162
0.7639
0.5725
0.6886
0.8882
0.9277
0.8169
0.7762
0.4531
0.8289
0.8634
0.6266
0.7167
0.8952
0.724
0.5595
0.8722
0.912
0.901
0.6098
0.5365
0.7589
0.9092
0.5723
0.9116
0.771
0.8255
0.6843
0.8794
0.9239
0.8173
0.6592
0.8058
0.8189
0.5412
0.5096
0.7686
0.8143
0.9005
0.8105
0.7287
0.6528
0.9063
0.8454
0.8261
0.8886
0.8242
0.821
0.7286
0.8415
0.8098
0.8607
0.8822
0.6801
0.7482
0.781
0.9131
0.8251
0.7059
0.94
0.853
0.6869
0.8917
0.8696
0.7015
0.6751
0.4189
0.6721
0.6495
0.8601
0.384
0.86
0.8893
0.924
0.8485
0.8197
0.8717
0.8515
0.9385
0.8418
0.8869
0.7709
0.7911
0.6869
0.697
0.8589
0.7594
0.8112
0.6541
0.8713
0.6149
0.8812
0.8536
0.6877
0.8325
0.8375
0.8677
0.8214
0.5936
0.5433
0.5833
0.8298
0.4697
0.7191
0.8842
0.7838
0.5863
0.806
0.8399
0.8806
0.7659
0.805
0.7086
0.7085
0.6618
0.816
0.7029
0.7809
0.8343
0.7871
0.7325
0.8175
0.8072
0.6722
0.7478
0.7679
0.8378
0.8449
0.8889
0.7003
0.6634
0.795
0.8402
0.5598
0.7694
0.652
0.8481
0.6922
0.7839
0.8479
0.7577
0.8053
0.8716
0.6971
0.8325
0.8543
0.8776
0.9106
0.8935
0.7393
0.6851
0.7372
0.6589
0.7729
0.7886
0.8265
0.7241
0.8943
0.7376
0.8783
0.6153
0.8189
0.7615
0.7442
0.8297
0.848
0.8595
0.8083
0.8954
0.8543
0.8364
0.6669
0.9152
0.8371
0.924
0.8333
0.8438
0.7913
0.5323
0.7756
0.8515
0.8783
0.9407
0.2677
0.4697
0.8788
0.7069
0.7895
0.7586
0.7455
0.8598
0.8283
0.7433
0.8293
0.8146
0.7326
0.8461
0.8157
0.8861
0.578
0.814
0.7014
0.6592
0.8611
0.9302
0.8709
0.6192
0.8087
0.8636
0.8423
0.733
0.5937
0.8896
0.5421
0.8142
0.6318
0.7921
0.7914
0.8413
0.7571
0.8798
0.8741
0.6467
0.7809
0.8864
0.8961
0.7193
0.8128
0.8678
0.5046
0.8703
0.9273
0.7002
0.8198
0.845
0.9185
0.8312
0.4625
0.7759
0.8342
0.6955
0.6104
0.8391
0.8877
0.3081
0.8207
0.7908
0.7925
0.7998
0.8247
0.7239
0.6844
0.913
0.5631
0.6852
0.8862
0.7425
0.8333
0.6755
0.8684
0.8554
0.898
0.685
0.818
0.807
0.7854
0.8281
0.6817
0.8777
0.9135
0.8352
0.8644
0.8126
0.759
0.8266
0.9203
0.7315
0.5974
0.6393
0.884
0.5794
0.7856
0.7531
0.8175
0.7213
0.8061
0.3732
0.605
0.5999
0.744
0.7215
0.7907
0.8085
0.7691
0.4437
0.8786
0.6234
0.7683
0.7305
0.9453
0.665
0.8089
0.801
0.8842
0.783
0.7591
0.7118
0.8338
0.7566
0.8814
0.827
0.807
0.4001
0.823
0.6983
0.8518
0.6794
0.6542
0.651
0.7247
0.7895
0.5776
0.9146
0.7986
0.7662
0.7702
0.2276
0.9349
0.8364
0.7919
0.8186
0.7037
0.7772
0.89
0.7986
0.4413
0.8488
0.9255
0.8453
0.7733
0.8408
0.8491
0.9134
0.8945
0.8124
0.4454
0.8048
0.6716
0.7074
0.6615
0.7431
0.8299
0.3597
0.8751
0.7988
0.9135
0.8935
0.6015
0.876
0.8492
0.8012
0.9182
0.6686
0.7232
0.7204
0.8613
0.8003
0.7648
0.4912
0.8452
0.6509
0.7809
0.8984
0.7412
0.8671
0.7194
0.8137
0.7115
0.8849
0.7324
0.8915
0.8629
0.6866
0.6871
0.8277
0.7416
0.9217
0.8669
0.6891
0.7874
0.9416
0.8589
0.8374
0.8855
0.8975
0.7197
0.6317
0.8346
0.8252
0.8728
0.895
0.7363
0.713
0.7013
0.8561
0.7476
0.829
0.9257
0.6739
0.802
0.6961
0.8484
0.6374
0.8095
0.6977
0.1066
0.7217
0.7395
0.7388
0.7768
0.6876
0.8002
0.7823
0.8859
0.7827
0.7407
0.5937
0.7975
0.7456
0.8673
0.6115
0.6747
0.9222
0.8878
0.9054
0.8989
0.8937
0.6783
0.7813
0.7374
0.7399
0.7878
0.746
0.8191
0.598
0.8551
0.8584
0.7728
0.8992
0.8165
0.7948
0.7864
0.7666
0.7141
0.8864
0.8686
0.8302
0.5658
0.8326
0.8754
0.6958
0.8297
0.7086
0.6406
0.8513
0.8381
0.8176
0.6348
0.8713
0.9234
0.8797
0.346
0.9125
0.8398
0.7062
0.6871
0.7045
0.8222
0.243
0.743
0.7032
0.8194
0.7794
0.754
0.8226
0.8034
0.8407
0.7887
0.7329
0.727
0.7634
0.933
0.8737
0.8719
0.7763
0.8937
0.7348
0.5175
0.7659
0.6569
0.7395
0.9068
0.6907
0.8892
0.7523
0.4164
0.7973
0.7827
0.9363
0.9187
0.6009
0.8574
0.9045
0.6335
0.7275
0.7156
0.5416
0.8263
0.9219
0.8439
0.7709
0.7322
0.539
0.6782
0.8237
0.9078
0.733
0.8649
0.5333
0.7478
0.7646
0.7864
0.8723
0.7805
0.8527
0.625
0.7238
0.9203
0.7631
0.8164
0.7015
0.7978
0.8977
0.8504
0.4773
0.7077
0.8091
0.73
0.8516
0.9104
0.7759
0.8224
0.8566
0.7464
0.8182
0.6636
0.7947
0.8202
0.717
0.865
0.8311
0.8284
0.7617
0.591
0.846
0.7734
0.7467
0.7348
0.8543
0.7609
0.6859
0.75
0.8866
0.7105
0.6046
0.7857
0.895
0.9138
0.7352
0.6657
0.7977
0.9014
0.9072
0.6213
0.7348
0.8383
0.7869
0.5807
0.6717
0.8083
0.8568
0.3974
0.8672
0.8409
0.7902
0.7419
0.734
0.8296
0.9438
0.8251
0.9258
0.8145
0.8316
0.6946
0.6488
0.8424
0.8596
0.8458
0.8332
0.8204
0.6772
0.8428
0.9279
0.6524
0.7629
0.7338
0.8761
0.1741
0.7582
0.9059
0.7637
0.723
0.789
0.8578
0.8787
0.8403
0.8538
0.8633
0.7878
0.9163
0.6471
0.9053
0.7693
0.733
0.7844
0.8291
0.9223
0.7036
0.9062
0.8897
0.8814
0.8022
0.8445
0.7339
0.807
0.6583
0.8013
0.6561
0.64
0.7939
0.4062
0.6238
0.7794
0.3951
0.8856
0.8361
0.7801
0.8365
0.5129
0.8516
0.7253
0.6083
0.751
0.8683
0.7611
0.8467
0.6776
0.7855
0.745
0.5302
0.9254
0.8843
0.8418
0.7652
0.8537
0.845
0.8355
0.8628
0.7264
0.8441
0.7195
0.8726
0.6245
0.6145
0.8286
0.8277
0.8697
0.696
0.7544
0.6867
0.8473
0.7475
0.7758
0.7662
0.9055
0.8143
0.7161
0.5464
0.7702
0.8324
0.8838
0.5804
0.9211
0.8677
0.8729
0.4877
0.9254
0.5468
0.8589
0.6585
0.922
0.6826
0.6846
0.4804
0.7479
0.7468
0.7357
0.6489
0.9116
0.6869
0.5721
0.9189
0.6907
0.7938
0.4488
0.7887
0.6159
0.8858
0.6177
0.8512
0.5847
0.8888
0.8005
0.8177
0.7666
0.6811
0.8197
0.2681
0.8983
0.8529
0.678
0.7996
0.8507
0.618
0.7581
0.1525
0.8528
0.7984
0.7772
0.6765
0.7948
0.6457
0.8106
0.6024
0.7172
0.8385
0.9288
0.829
0.6187
0.831
0.8125
0.7802
0.6474
-0.0142
0.5941
0.8449
0.8185
0.8261
0.8577
0.7607
0.8479
0.9543
0.8251
0.678
0.8607
0.7876
0.7084
0.7913
0.7729
0.8135
0.6443
0.8121
0.8774
0.8536
0.8538
0.8387
0.8702
0.9464
0.5944
0.7967
0.8544
0.7989
0.778
0.8758
0.9047
0.6446
0.6052
0.7973
0.9579
0.6888
0.6515
0.6771
0.541
0.8945
0.8787
0.6639
0.8558
0.5351
0.7834
0.7606
0.7195
0.8909
0.7928
0.9145
0.9191
0.4712
0.5842
0.8359
0.5088
0.9062
0.8127
0.7976
0.8821
0.7898
0.788
0.8249
0.8687
0.9137
0.6761
0.8296
0.7776
0.9169
0.9303
0.8598
0.8447
0.5966
0.7601
0.7839
0.7998
0.8884
0.6273
0.7807
0.7546
0.8769
0.8001
0.7581
0.8467
0.7777
0.9294
0.768
0.6415
0.8359
0.7253
0.5715
0.7576
0.6733
0.842
0.868
0.8401
0.5877
0.8933
0.8148
0.9144
0.8589
0.8267
0.7953
0.5735
0.8666
0.8618
0.7615
0.2608
0.7105
0.7955
0.9104
0.6582
0.9289
0.9514
0.7628
0.7668
0.8024
0.8738
0.4521
0.5493
0.7288
0.8394
0.8319
0.8993
0.9276
0.8145
0.8768
0.9317
0.9542
0.8493
0.7634
0.7924
0.8635
0.6211
0.9008
0.7158
0.6402
0.5879
0.732
0.8792
0.8903
0.9213
0.8721
0.7134
0.7567
0.6915
0.8126
0.5665
0.8391
0.9088
0.8352
0.6757
0.8693
0.8141
0.8815
0.7776
0.7991
0.8055
0.2982
0.7199
0.892
0.8917
0.7662
0.8772
0.9548
0.8623
0.6731
0.7621
0.8863
0.8548
0.8607
0.7735
0.6317
0.5028
0.331
0.8539
0.541
0.9149
0.637
0.9221
0.9143
0.7569
0.8909
0.7773
0.8797
0.9274
0.7126
0.7335
0.8816
0.7271
0.7462
0.9146
0.8965
0.7004
0.5113
0.8297
0.4118
0.6513
0.802
0.6138
0.832
0.7687
0.844
0.8133
0.8072
0.759
0.3881
0.8982
0.8578
0.8803
0.8096
0.673
0.8977
0.8416
0.8746
0.7788
0.7345
0.8487
0.7103
0.7669
0.8403
0.6845
0.8324
0.6012
0.6671
0.8762
0.8222
0.8916
0.6115
0.7103
0.8465
0.7392
0.7613
0.6427
0.67
0.7916
0.7917
0.5989
0.8045
0.8413
0.8753
0.5491
0.5758
0.8037
0.8432
0.8757
0.8941
0.8836
0.7035
0.6325
0.8307
0.8022
0.8941
0.8472
0.8593
0.5709
0.6079
0.9099
0.6036
0.7642
0.7835
0.8211
0.6298
0.8555
0.8951
0.8221
0.7147
0.9092
0.4502
0.7446
0.8428
0.7261
0.8939
0.8865
0.7304
0.7268
0.8789
0.822
0.917
0.8013
0.7415
0.8527
0.6618
0.9011
0.8633
0.9351
0.3986
0.7047
0.7957
0.6691
0.7799
0.3927
0.8662
0.6792
0.8144
0.7707
0.9195
0.7811
0.5671
0.844
0.8381
0.7881
0.7869
0.8489
0.9059
0.7756
0.8261
0.8301
0.7301
0.7673
0.8037
0.7611
0.6187
0.8679
0.8665
0.9304
0.7856
0.8054
0.8913
0.8755
0.9232
0.7896
0.8508
0.7731
0.7092
0.8818
0.3926
0.8553
0.3134
0.8326
0.9055
0.899
0.8187
0.8662
0.8385
0.7389
0.7759
0.8153
0.6802
0.7512
0.7399
0.8428
0.7661
0.9091
0.6745
0.7416
0.8206
0.8646
0.7474
0.9403
0.8403
0.9174
0.5031
0.6731
0.8756
0.8955
0.4621
0.7937
0.6816
0.6205
0.8273
0.7512
0.7861
0.4262
0.839
0.8325
0.7117
0.8978
0.4154
0.8059
0.9042
0.7227
0.754
0.7516
0.8773
0.5847
0.88
0.8627
0.8713
0.7123
0.8504
-0.0323
0.9375
0.9157
0.8059
0.8642
0.8232
0.788
0.5679
0.7418
0.7188
0.7671
0.6991
0.7729
0.765
0.8924
0.6723
0.5857
0.8842
0.72
0.837
0.8837
0.6076
0.7408
0.8236
0.7987
0.6222
0.5531
0.8563
0.7104
0.658
0.7849
0.8491
0.8473
0.7842
0.7894
0.8109
0.7849
0.93
0.8175
0.9172
0.6324
0.8561
0.7888
0.7737
0.8435
0.7937
0.7709
0.8098
0.8113
0.8947
0.6145
0.7881
0.3886
0.8779
0.7173
0.8767
0.8899
0.7459
0.7682
0.7815
0.6587
0.8929
0.6483
0.8847
0.7568
0.8981
0.8103
0.8258
0.938
0.9003
0.6736
0.5267
0.8041
0.9081
0.6782
0.931
0.9022
0.8695
0.7248
0.9205
0.8493
0.5614
0.8483
0.7439
0.9068
0.9139
0.566
0.8646
0.531
0.4687
0.9059
0.9161
0.5439
0.6721
0.7325
0.7368
0.8345
0.8951
0.874
0.8815
0.8742
0.7985
0.8512
0.2951
0.7671
0.8825
0.7202
0.6667
0.7498
0.8244
0.6539
0.8201
0.8878
0.7636
0.8511
0.707
0.7758
0.8311
0.8269
0.8721
0.8011
0.8764
0.5432
0.792
0.7832
0.6559
0.8262
0.8924
0.7586
0.7258
0.8786
0.7202
0.7219
0.9164
0.7376
0.8392
0.7926
0.7139
0.3666
0.8168
0.8841
0.863
0.1537
0.9148
0.9
0.8003
0.8873
0.8476
0.886
0.8057
0.4763
0.84
0.8331
0.7303
0.5424
0.6254
0.7051
0.7166
0.8405
0.703
0.5909
0.9176
0.8554
0.8001
0.8895
0.6513
0.7217
0.6927
0.7433
0.9023
0.8937
0.6638
0.7126
0.9445
0.6486
0.7008
0.7684
0.73
0.8281
0.8887
0.8478
0.8502
0.6808
0.8365
0.7366
0.7368
0.8562
0.8921
0.7658
0.8479
0.718
0.6255
0.7391
0.8791
0.8383
0.6141
0.8982
0.5433
0.9222
0.639
0.8678
0.8629
0.6323
0.8688
0.798
0.8144
0.8686
0.824
0.7866
0.8462
0.8917
0.8862
0.6367
0.7777
0.823
0.7947
0.7928
0.8215
0.7664
0.8641
0.8174
0.8664
0.7628
0.702
0.1203
0.8378
0.7531
0.6346
0.8827
0.7643
0.8573
0.8512
0.7009
0.9248
0.7031
0.6846
0.743
0.7895
0.8325
0.7364
0.8831
0.6725
0.72
0.8431
0.8057
0.7889
0.9464
0.8035
0.8631
0.875
0.8832
0.9251
0.8826
0.8624
0.8795
0.7619
0.8214
0.7655
0.8104
0.8442
0.5516
0.8206
0.6839
0.7252
0.6766
0.7719
0.8465
0.8205
0.869
0.8022
0.5743
0.727
0.6253
0.7044
0.9379
0.7508
0.7088
0.9449
0.3872
0.8758
0.8836
0.6276
0.8872
0.8379
0.8912
0.8783
0.7074
0.7128
0.5054
0.8629
0.6807
0.8336
0.5914
0.8674
0.8709
0.7668
0.666
0.606
0.6812
0.7291
0.8132
0.7541
0.5944
0.72
0.8254
0.7661
0.7603
0.7855
0.7886
0.8241
0.7254
0.7918
0.8882
0.5716
0.7391
0.8104
0.7482
0.789
0.883
0.8645
0.8926
0.5977
0.8624
0.8563
0.5249
0.8593
0.7832
0.8285
0.8075
0.8622
0.9015
0.7719
0.5365
0.6941
0.6813
0.7616
0.7332
0.8984
0.6928
0.4295
0.6958
0.5439
0.88
0.8676
0.8644
0.7774
0.8286
0.8917
0.7766
0.8736
0.5213
0.8203
0.8725
0.8177
0.764
0.6943
0.9277
0.4863
0.7928
0.4864
0.8261
0.598
0.822
0.8696
0.8949
0.8042
0.8642
0.8174
0.8466
0.479
0.6941
0.9072
0.8143
0.8664
0.8708
0.8704
0.8956
0.8416
0.7818
0.9233
0.8582
0.8443
0.0782
0.3848
0.7439
0.7218
0.9177
0.8315
0.7086
0.6727
0.8522
0.8558
0.6062
0.6916
0.853
0.5626
0.7779
0.9301
0.775
0.8767
0.8111
0.8541
0.8194
0.7881
0.8817
0.8223
0.7971
0.8212
0.9104
0.8992
0.9004
0.8375
0.7794
0.7743
0.698
0.778
0.8199
0.8086
0.6715
0.7872
0.7789
0.7264
0.7772
0.7723
0.7819
0.9078
0.7495
0.6248
0.9088
0.587
0.5041
0.7956
0.511
0.6011
0.8353
0.3026
0.8434
0.7991
0.7992
0.8269
0.873
0.639
0.843
0.9153
0.8802
0.8343
0.734
0.788
0.6917
0.7418
0.812
0.8419
0.8406
0.8563
0.8573
0.6171
0.7314
0.9168
0.9164
0.7867
0.6444
0.8612
0.9021
0.5444
0.8754
0.7227
0.8319
0.4605
0.9242
0.8215
0.7523
0.9262
0.7041
0.8815
0.7432
-0.2637
0.8291
0.7904
0.7387
0.8019
0.8005
0.7922
0.5718
0.7262
0.761
0.5564
0.7481
0.8235
0.6816
0.8588
0.8177
0.7762
0.7493
0.7839
0.8242
0.3286
0.7788
0.8662
0.8304
0.7053
0.9062
0.7519
0.6899
0.787
0.7882
0.409
0.8897
0.801
0.8284
0.7115
0.7628
0.877
0.6478
0.914
0.8274
0.7733
0.8205
0.6648
0.6674
0.6877
0.8039
0.5246
0.9054
0.7269
0.7018
0.9196
0.7379
0.7645
0.8436
0.7324
0.6133
0.7237
0.6753
0.8531
0.8256
0.375
0.7918
0.8172
0.8085
0.7229
0.5512
0.8052
0.9045
0.6782
0.9025
0.4053
0.4911
0.7695
0.7215
0.8643
0.5219
0.8745
0.7543
0.8597
0.6356
0.744
0.9305
0.8286
0.8933
0.9529
0.8593
0.6525
0.795
0.8273
0.7733
0.8267
0.8101
0.8101
0.8805
0.607
0.9103
0.8546
0.8617
0.8974
0.4525
0.661
0.8856
0.6651
0.8808
0.8081
0.7609
0.8768
0.9129
0.9144
0.6691
0.6132
0.8523
0.734
0.906
0.78
0.8657
0.7108
0.8807
0.9237
0.7698
0.6281
0.8546
0.6961
0.7963
0.7316
0.8478
0.8616
0.8352
0.8097
0.5914
0.8766
0.7065
0.7037
0.766
0.4488
0.8286
0.6759
0.896
0.7227
0.8697
0.9285
0.6969
0.8765
0.6616
0.8469
0.8215
0.9144
0.777
0.3924
0.7076
0.9295
0.9419
0.8572
0.8198
0.7052
0.7928
0.7706
0.7064
0.692
0.8182
0.8947
0.7967
0.8176
0.5464
0.76
0.5108
0.4155
0.8521
0.7638
0.9065
0.9116
0.8491
0.823
0.8414
0.563
0.8313
0.5199
0.6615
0.8444
0.661
0.9272
0.8746
0.503
0.7797
0.801
0.6983
0.8372
0.903
0.8457
0.7219
0.7765
0.9086
0.7527
0.8791
0.8493
0.8196
0.9088
0.5676
0.7154
0.4146
0.7521
0.8292
0.8141
0.6776
0.7714
0.8978
0.7609
0.8465
0.6507
0.7723
0.7325
0.7903
0.7705
0.8689
0.7794
0.8537
0.7114
0.8643
0.4487
0.6278
0.879
0.9224
0.8118
0.8303
0.5995
0.4923
0.6835
0.7333
0.3116
0.5329
0.7174
0.8426
0.5737
0.3232
0.8595
0.7798
0.7234
0.7114
0.5187
0.803
0.4156
0.8917
0.4443
0.7826
0.7743
0.6628
0.7416
0.7809
0.7497
0.856
0.8713
0.7854
0.7297
0.787
0.902
0.7161
0.7818
0.8194
0.7147
0.7838
0.7229
0.7935
0.6827
0.8942
0.6636
0.4505
0.4339
0.7132
0.9103
0.7748
0.4858
0.6862
0.8424
0.8906
0.848
0.831
0.8816
0.7462
0.9189
0.8496
0.7516
0.9207
0.7627
0.7883
0.8542
0.8838
0.7661
0.4454
0.9163
0.8391
0.7922
0.6873
0.7062
0.8516
0.8084
0.9039
0.9065
0.7042
0.8697
0.5225
0.4167
0.8936
0.813
0.7496
0.8992
0.8517
0.9354
0.8132
0.9224
0.7646
0.8874
0.7545
0.7344
0.7794
0.7935
0.8521
0.8866
0.8078
0.8629
0.9084
0.8213
0.6684
0.9343
0.9386
0.7977
0.4981
0.8776
0.8017
0.8647
0.4593
0.8792
0.8743
