1.1551
1.7027
0.9365
1.1369
0.9422
1.4429
0.8359
1.1988
0.8486
0.8169
3.9915
1.0672
1.186
1.7806
0.9653
2.0449
0.7167
0.9274
0.6611
0.7382
1.299
1.1544
0.8152
0.7474
0.8306
2.0592
0.9217
1.1247
2.4904
0.9759
0.8247
0.803
0.5645
0.7364
0.7504
0.8143
1.7728
0.9307
1.2708
0.9382
0.9248
1.722
0.9222
0.8382
0.4555
0.5613
1.0052
0.7617
0.8697
1.1713
0.6294
0.9878
0.8818
0.8763
0.9135
0.9792
0.7889
0.5774
0.8509
0.8074
0.7961
1.2715
0.9503
0.9862
0.8786
0.6113
0.8496
0.8939
0.8304
0.7495
0.9586
0.9237
0.9185
0.9043
0.8565
1.9995
0.7528
0.8674
0.6283
0.901
0.9088
0.8996
0.9231
1.2014
1.2339
0.9656
0.7023
1.0571
0.8912
1.4866
0.8981
0.4057
1.1892
0.9418
0.8946
0.6044
0.9342
0.6991
0.6942
0.8494
0.8383
0.8504
2.3175
0.6713
0.8353
0.8223
0.651
0.5637
0.8002
0.7901
0.7456
5.2427
0.7355
0.8231
0.6762
1.1805
0.9675
0.534
0.7919
1.6809
0.634
1.3258
0.8597
1.0549
1.298
1.5655
0.8497
0.8544
0.9695
1.0268
1.7752
0.9438
1.2068
1.2861
0.8384
1.2476
1.5722
0.8949
1.1229
0.6972
1.0393
0.7695
0.8624
0.8507
0.7458
0.9633
0.9503
0.7975
0.8927
0.6914
0.8658
0.6311
0.9227
0.8914
0.9067
1.4781
1.3503
1.0059
1.5081
0.8791
0.7359
0.4862
0.7381
0.8219
1.177
0.7353
0.8409
1.149
3.1307
0.6764
2.0246
1.4933
0.836
1.1456
0.8105
0.5335
0.7236
1.6131
0.4809
1.1392
0.8898
0.8781
1.0839
1.8461
1.2503
1.0287
0.6895
0.811
0.867
0.5711
0.7174
0.8488
0.9424
0.69
0.6765
1.0092
0.8467
0.8094
0.7526
0.7803
1.2723
0.637
1.0748
1.1982
0.3654
0.9372
0.7782
1.1196
1.1516
1.4208
0.934
1.5313
0.6832
0.5815
0.9579
1.1402
1.1551
0.8478
0.9148
0.8973
0.9747
0.8163
0.7782
1.7636
1.0306
0.7389
2.2035
0.9947
0.7342
0.7224
0.8745
0.9469
0.5104
0.7366
0.9362
0.9173
0.9051
1.1223
0.8248
0.8514
0.6562
0.8731
0.9114
0.8086
0.9975
0.877
0.8184
0.7377
0.9114
0.7846
0.7672
0.9414
0.8635
1.46
0.6293
0.8056
0.8692
0.7732
0.8327
0.6191
0.9337
0.8816
1.0457
0.6624
0.608
0.3923
1.3375
1.0029
0.8218
2.376
1.1729
0.9671
0.5789
0.8766
0.9885
1.0064
0.6453
0.8441
0.8359
0.8053
0.9154
0.946
0.7477
0.9862
0.7982
1.0554
0.8709
0.6302
1.4785
0.7314
0.8626
0.8196
0.7215
0.8989
0.9585
1.032
0.9212
0.6366
0.7914
0.7765
1.2397
0.8463
1.391
1.3384
0.7195
0.9882
1.1628
0.8924
0.6545
0.8848
0.6082
0.6461
0.8228
0.9144
0.9834
0.7601
0.8204
1.4005
1.0038
0.7783
0.2169
0.1658
0.8006
0.4977
1.2194
0.8084
0.9619
0.8993
0.9823
1.1328
10.4408
0.4405
1.0759
1.0216
0.5239
1.1756
0.6931
0.8347
3.7222
0.909
0.893
0.9698
0.7098
0.7606
1.1757
0.9301
0.7564
0.8101
0.3661
0.8584
0.9555
0.7609
0.6913
0.8407
0.8754
2.0406
0.8896
0.9057
0.9618
0.7067
0.8078
0.8718
0.9367
0.8671
0.8251
1.0281
0.9015
1.4738
0.7153
1.1701
1.0679
0.6264
0.9623
0.7173
0.7946
1.6492
0.7086
0.9475
1.1017
0.8044
0.8739
0.9886
0.879
0.9516
0.9585
1.082
0.7635
1.2169
1.0641
0.8017
0.8023
0.7513
0.838
3.2133
0.8407
0.9548
0.7373
0.8033
0.9498
0.8499
1.5568
0.8423
0.8043
0.8204
0.5058
0.9788
0.9806
0.8819
2.5654
1.2196
0.2675
1.0854
0.8689
1.0527
1.1176
1.0111
0.8097
0.8221
0.6551
0.8209
1.4479
0.5075
0.8943
0.6882
0.7187
0.9945
1.2004
0.8905
0.8727
0.8822
0.5896
0.6389
0.9352
0.8711
1.1399
0.7499
0.978
0.9457
0.9704
0.8015
0.8443
0.6393
2.3368
0.8105
1.057
0.8214
1.0325
4.8254
2.7255
1.1681
0.8605
0.6989
1.0071
1.1389
1.5019
0.9331
1.1742
0.7928
0.9985
0.6771
1.4713
1.0721
0.9289
0.701
0.4449
4.3655
0.8206
0.3109
6.5674
0.8387
0.6606
0.9878
0.8196
4.202
1.146
0.9462
0.963
0.5995
0.8761
1.0343
0.8322
0.9152
1.0633
0.4913
0.8686
1.0416
0.8542
0.4146
0.8528
0.8698
0.869
0.9794
0.9198
0.6917
0.9259
0.6098
5.2548
0.8099
0.7296
0.8399
0.6852
1.1649
1.5005
0.734
0.9144
0.7372
0.735
1.105
0.9643
1.8799
0.9601
0.7793
1.187
0.9838
0.8829
0.9129
1.8654
0.892
1.0347
1.0089
0.7473
0.5753
1.0558
0.9064
0.9026
0.9532
1.0483
1.0603
0.9355
1.0613
1.1051
0.5097
0.9339
1.3258
0.9112
0.7927
0.7944
0.8716
0.9444
0.802
0.7311
0.7722
0.8527
0.6073
1.0763
1.0614
0.7886
0.8348
0.9936
0.8948
1.9027
0.7177
0.6908
0.815
0.5416
1.0748
0.6799
0.8872
0.6477
0.9039
1.059
0.799
4.3428
0.983
1.033
0.9185
0.7009
0.8263
3.6146
0.8614
1.1289
0.834
0.7354
0.9772
0.6326
0.7502
0.7092
0.736
1.0152
0.82
0.9115
0.7245
0.8988
1.1211
0.9903
0.9518
0.7545
0.9624
0.9282
0.8644
0.8531
0.5165
0.8312
0.7883
0.89
0.9201
0.9858
1.1756
0.073
2.3841
0.5957
0.9529
1.2561
0.563
0.8684
0.7367
0.6993
1.5361
0.8092
0.9505
0.8422
1.0234
1.0263
0.7462
2.9064
0.445
0.8882
0.8983
0.9333
0.9357
0.7997
0.7641
1.0258
1.6591
0.7985
0.8819
1.1495
1.6461
1.1718
0.5099
1.0802
0.9641
0.8086
1.2312
0.9915
1.092
1.5261
2.5857
0.833
0.607
1.0993
0.9252
0.992
3.8044
1.6496
0.6999
0.7382
7.1575
0.7437
0.1856
0.9141
0.86
0.8976
1.9193
0.6211
0.8854
0.8348
1.007
1.9944
0.8971
0.9225
0.8584
0.941
1.1
1.0643
0.8771
0.5214
1.1531
2.0172
1.0288
1.0305
0.8534
0.8461
1.2443
0.8748
0.929
0.9992
0.8854
0.9741
0.8778
0.751
2.5829
1.6102
0.9455
1.0727
0.9022
0.7827
0.6981
0.9755
1.0385
0.5899
0.915
0.9284
1.6156
1.0851
0.9109
1.1574
0.8371
5.6856
0.9122
0.7217
1.6898
0.5411
1.0129
0.997
1.1209
0.9704
0.74
0.7654
0.981
1.1436
0.8693
3.0994
1.0557
0.7562
1.9167
1.1984
0.9836
1.0075
1.0409
0.8291
0.7639
0.9135
0.8788
1.0075
1.034
0.7614
0.8109
1.0904
0.7347
0.7205
2.7639
3.6704
0.7921
2.5342
0.9265
0.8914
1.0304
0.7887
0.8483
0.8747
0.8539
0.9224
0.7414
3.4218
0.8383
0.78
0.8795
0.648
0.8677
0.8763
1.0151
0.7726
0.9178
0.7866
0.8607
0.7549
0.7629
1.0327
1.1885
1.555
1.1441
0.844
0.9095
3.5796
1.2422
0.8484
2.009
0.4349
0.8028
0.9578
0.6889
0.821
1.1152
0.5032
0.7323
0.771
0.7811
0.9387
1.4684
1.861
1.054
0.8243
0.7862
1.0721
1.1024
0.6322
2.0028
1.0123
2.8722
0.8872
0.5846
1.4189
0.824
0.7504
0.9199
0.8257
1.0537
1.2845
0.9767
1.0161
0.9315
0.8582
0.944
0.7024
1.5847
0.8114
1.084
0.8427
1.0659
0.8762
3.4625
0.8588
0.8125
1.1905
0.8655
0.9848
0.8129
1.9912
1.5938
0.5191
0.9399
0.7448
0.675
0.8699
0.6718
0.8136
1.1981
0.8575
0.9011
0.9021
0.7933
0.8766
1.0357
0.9158
0.9491
0.8316
0.8565
0.8166
0.7582
1.2666
0.9389
1.3452
3.5417
0.6458
0.8961
0.8712
0.9714
0.6212
2.1494
1.0046
0.8918
0.6329
0.959
0.8546
0.8437
1.4494
0.7032
0.7364
1.2655
0.7192
0.789
1.0241
0.847
0.7409
0.9724
1.1346
0.9692
0.5408
0.7813
0.89
0.8119
0.7788
0.8903
0.9452
0.4674
2.3926
0.9319
0.8657
2.9403
0.7993
3.0697
0.8404
0.9134
0.6182
0.7703
0.7883
0.9946
1.1344
1.0441
0.8498
0.9105
0.9132
1.0749
1.0034
0.9387
0.6025
1.879
0.9031
0.7694
0.8664
1.0761
2.0619
0.8207
0.9151
0.8136
1.919
0.9003
1.2905
0.4974
0.9965
0.9711
0.9021
0.9331
0.8488
0.8635
0.8287
1.7283
0.7863
0.8514
0.7951
0.845
1.1642
0.797
0.7454
0.8694
0.8313
0.6062
0.9528
0.773
2.4609
1.1811
0.8184
0.727
0.8754
1.202
0.9935
0.5105
0.8893
0.9223
1.268
1.1924
0.8059
1.29
0.8951
0.7987
0.62
0.81
0.6905
0.6961
0.9781
1.0957
1.7161
1.2527
0.7254
1.8394
0.7051
0.8909
0.801
0.533
0.9522
0.8497
0.8552
1.0553
0.9212
0.8159
0.8869
0.7229
0.8936
0.6293
0.9375
0.9238
0.8356
1.1764
1.0716
0.8601
0.8816
1.0334
1.1011
1.0163
0.6704
2.1619
0.7992
1.0005
1.2098
0.8694
0.92
0.6496
0.6875
0.7614
1.1218
0.6979
1.696
0.9247
0.7269
0.8777
1.0114
1.3759
0.9772
0.8838
0.8315
1.1489
0.6968
1.1138
0.5314
0.9376
0.8935
0.9132
0.5168
1.0643
0.9401
0.9289
0.9691
0.7941
0.7317
0.8978
0.8857
1.4624
1.0118
2.1716
0.8644
0.692
0.8506
0.9446
0.6505
0.8142
1.4079
0.6811
0.8851
0.8652
1.0114
0.5487
1.2173
0.8735
3.0206
4.4478
0.6682
0.9156
0.7327
0.7741
1.333
0.9646
0.847
0.6699
0.6664
0.8799
1.0823
1.0217
4.722
0.8579
0.8683
0.9075
0.6623
0.9841
0.754
1.013
0.9474
0.9006
0.8396
1.7422
0.8141
1.2613
0.7057
1.0876
1.0866
0.8873
0.9244
1.3888
1.1794
0.8982
0.8202
0.5756
1.1923
1.3619
0.7701
0.8431
0.7597
0.8793
1.0465
1.1518
0.9409
0.8932
0.8504
0.8957
0.7806
0.6194
0.8326
1.1039
1.5453
1.4224
0.9887
0.643
0.9205
0.7645
1.5195
1.764
0.9609
0.9029
0.8719
1.4525
1.909
0.7113
0.6928
0.8918
1.4996
1.0814
0.983
0.7117
4.1207
0.7728
1.0139
1.4267
0.9601
1.0946
1.5709
1.261
1.015
0.8803
0.8816
0.8769
1.2032
0.94
0.9156
0.845
0.7637
0.9068
0.7467
1.7147
1.0076
2.0184
1.0868
0.6717
0.6996
1.1785
0.9256
1.1451
1.1041
0.8139
0.8601
0.9623
0.4822
0.9705
0.9051
1.0309
0.8386
1.121
0.8307
0.9148
0.8333
0.8082
0.8271
0.8637
1.0475
0.6748
0.8114
0.8065
0.903
0.8418
0.9386
0.9104
1.2268
0.8751
1.0487
1.6075
0.8994
0.8927
0.7939
0.9149
0.8932
0.7523
0.8134
0.8629
0.7141
1.8559
0.8056
0.7148
0.8275
0.7693
0.7787
0.8936
1.2079
0.9063
0.8489
0.8891
0.8336
0.5779
1.3407
0.7603
0.6621
0.927
1.0075
1.0459
0.4707
1.14
0.8051
0.6971
1.0255
1.1633
0.8609
0.7173
0.8711
0.8936
2.0824
0.7053
0.8434
0.8792
0.4711
0.7622
1.1483
1.4136
0.978
1.0942
0.8023
0.9911
0.7042
1.2345
0.8703
0.616
0.723
0.7124
1.1632
0.9887
0.9004
1.0604
1.4498
1.423
0.4107
0.8618
0.5775
0.8603
0.9169
0.6327
17.288
1.1113
0.8474
1.2623
0.8449
0.9411
0.8109
0.7383
0.9826
0.9167
0.6484
1.2045
0.7914
0.921
0.8444
0.647
1.2951
1.3452
0.8751
0.6911
0.943
6.9191
0.5467
1.3267
0.9394
2.2154
0.7798
6.6938
1.1455
0.7887
0.9593
0.7427
0.7238
2.1464
0.9553
0.7016
0.9987
0.7708
1.0374
0.7532
2.2007
1.2168
1.0251
0.8377
1.1747
5.3148
0.4979
0.7676
2.2413
0.8536
0.6682
0.7423
3.1847
1.009
0.9891
0.9322
0.8367
0.9209
0.5256
1.0477
0.8342
0.8408
0.7026
0.8336
0.9287
0.8682
0.7229
0.578
0.9071
1.1791
0.9943
0.7338
1.905
0.9502
0.9508
0.8428
1.0529
0.4944
0.6098
0.8069
0.8831
0.7982
0.8103
0.9211
0.7084
0.8337
1.5276
1.0273
0.7853
1.519
0.7507
4.6428
0.5684
0.6744
0.5995
1.4986
0.7934
0.781
0.8939
1.1569
0.9465
0.8894
0.8543
3.7305
0.8059
1.4684
1.3135
0.829
0.6716
0.9344
0.7138
0.7681
0.7683
1.8305
0.8133
0.9465
0.873
0.8526
1.2081
1.0217
1.4638
0.8273
0.841
0.9432
0.9766
0.9029
0.8807
2.0015
0.6802
0.4982
0.9194
1.1436
0.8979
1.3856
1.0724
2.3036
4.4421
1.1395
1.5157
0.8742
0.6363
0.7506
0.8132
1.0366
0.5105
1.0035
0.8227
0.8907
0.96
0.8018
2.1765
0.9056
0.8411
0.6737
0.6586
1.0542
0.6716
0.8357
0.8186
1.1061
0.7903
1.0219
0.5692
0.808
0.9434
0.9226
1.2626
0.781
0.7911
2.5693
0.8907
0.8153
0.9564
0.9377
0.8363
0.9143
0.9126
0.7883
0.6609
1.0546
0.9745
0.8541
0.9912
0.7648
0.9201
0.836
0.8516
0.8312
0.9252
0.7958
1.0253
1.6774
0.8225
1.1957
0.5539
1.0353
1.0337
0.9505
1.0568
1.6833
1.2128
1.0829
2.3611
0.8936
0.9752
0.6792
0.6691
1.9279
0.8673
0.9837
0.7599
0.7419
1.1588
1.0656
1.025
1.0398
1.4457
0.7226
0.8184
0.9915
0.8706
0.9033
0.9726
0.0285
1.1627
0.8617
0.8177
0.855
0.9609
0.8299
2.0883
1.1382
1.1521
4.6301
1.6167
0.8484
3.7191
1.3422
0.8818
1.2517
0.8631
0.7487
1.558
0.9233
0.6289
1.0682
0.9692
0.9487
0.9148
0.7595
0.8262
0.9915
1.0273
3.5177
0.822
1.5783
0.6673
1.154
1.2644
0.8358
2.7431
1.2737
0.8317
0.8279
0.8251
0.9175
1.2388
1.0494
0.9977
0.929
0.8753
0.7919
0.7708
1.0123
0.6372
0.8819
0.8771
1.018
0.9296
1.1293
0.7192
0.892
1.1679
0.7915
0.7826
0.6992
0.9594
0.8951
0.8449
0.8204
0.8213
0.7233
0.8732
1.1163
0.9008
1.0605
0.8094
0.637
0.81
0.7984
0.8675
0.7112
0.8554
1.0712
0.8563
1.0013
0.6266
0.9256
1.0397
0.9388
0.9027
0.9409
0.8828
1.1601
0.698
0.9024
0.8974
0.9259
0.9061
0.7655
0.6386
0.7863
0.7596
0.7348
0.5824
1.0385
0.8783
0.8322
0.91
1.0948
1.4918
0.8905
0.8027
0.9005
1.0164
0.9455
1.0049
0.8325
0.8714
1.9967
0.9312
0.7675
1.1278
0.9514
0.9531
0.3939
0.8579
0.7526
0.5725
1.0531
0.9436
0.9125
0.4431
0.6724
0.859
0.8494
1.749
1.0828
0.67
0.7533
0.8538
1.0367
0.8891
1.07
0.8421
1.3739
2.8581
0.9191
0.6921
0.909
0.9433
0.4305
0.8748
1.0768
0.8418
0.782
0.9515
0.7736
0.8397
1.7846
0.8562
0.852
1.11
0.9392
0.8882
1.0972
0.8126
2.012
5.6392
0.8448
0.7477
0.9596
0.7925
0.7669
0.842
0.9126
0.8431
0.9403
0.9193
0.8551
0.8269
2.2166
0.8626
0.8049
1.4014
0.4659
1.2605
1.7443
0.9085
0.8344
0.9091
3.2781
0.635
1.3066
1.4356
0.8154
0.8541
1.2835
0.8252
0.9287
1.0173
0.6587
0.9091
1.313
0.8389
0.9019
2.1556
0.9611
1.0167
0.7621
0.8549
1.4154
0.819
0.8743
5.1529
0.8
0.7842
1.0538
0.7429
1.2103
1.1078
2.4554
0.7262
1.0599
0.9727
2.4519
0.9564
0.7751
1.0218
1.6958
0.6413
1.1356
0.7128
0.6151
6.4472
0.9577
1.2318
0.8667
0.8777
0.8969
1.3316
0.8917
0.4634
0.8334
1.3255
0.9137
0.9876
0.9476
0.7934
0.8264
1.6927
5.4667
0.6753
0.9273
0.8726
1.2513
0.7813
1.2247
0.6125
0.8562
1.0498
0.6721
0.9489
1.1605
1.1045
0.7645
1.6193
0.7515
0.9273
0.6482
1.1889
0.7717
1.3602
0.9112
1.1374
2.9168
0.5053
1.2156
1.0961
0.8138
1.1947
0.7528
1.0295
1.0123
0.7852
1.0403
0.5852
0.9169
0.5484
0.812
0.9546
0.8834
0.6903
0.786
0.8245
0.8176
0.7734
1.3502
0.7971
0.8578
0.9943
0.9489
1.2061
0.8767
0.5432
0.8909
1.0131
1.283
2.1627
0.9148
0.8863
0.869
2.0627
6.307
1.02
1.0381
0.9258
0.8146
0.8344
0.8771
0.4321
0.7307
1.1758
0.8762
0.88
0.6398
0.9469
0.7808
1.0959
0.8172
0.7114
0.6419
0.759
0.7526
1.1125
0.978
1.0715
1.0101
0.7634
0.9112
1.1808
0.7215
0.8885
1.4863
1.6673
0.8258
0.7246
0.6797
0.6912
0.5673
1.3941
0.8405
0.7773
1.1828
0.8126
0.9916
1.4345
0.8558
0.8523
1.0348
1.02
0.6823
0.5524
0.7901
0.8876
0.8025
0.8534
0.7634
0.6212
0.8119
0.7185
0.9794
0.8731
0.7869
0.7842
0.905
1.9175
0.9073
1.1881
3.3438
0.9023
0.7645
0.8475
0.7194
0.7559
0.851
0.9844
1.0161
1.1164
0.8282
0.7643
0.7266
1.1567
1.018
0.8809
1.1307
1.1657
0.9256
1.0161
0.8029
0.9702
0.768
0.8194
0.602
0.6161
1.2533
0.9098
0.8244
0.9707
1.2148
0.8703
0.8492
0.7142
1.0072
1.0247
0.8615
1.5081
4.578
0.8435
0.8477
0.7953
1.8735
0.4189
0.6319
2.1518
1.1869
0.903
1.1703
1.3017
0.8635
0.7346
0.9244
1.1017
0.5606
0.895
1.041
0.7997
0.8057
1.5818
0.5978
2.618
0.8447
2.1976
0.8513
0.9117
0.7216
0.8554
1.5252
0.7228
1.5094
1.0858
1.9275
0.8417
0.8721
0.817
0.8663
0.7561
1.0739
1.0894
0.7858
0.967
3.1395
0.5028
0.6014
1.0469
0.7891
1.2944
1.1215
0.5849
0.81
0.8466
0.8901
0.9126
0.726
0.8545
0.8991
1.2413
0.7772
0.7482
0.5727
0.8994
1.8413
1.4499
0.8752
0.7569
0.918
0.7105
0.9838
0.7688
0.6366
0.9116
1.237
0.9419
1.074
0.9835
0.991
0.7594
0.809
0.9079
3.3641
0.8087
0.9754
0.9793
0.6297
0.8859
0.7366
0.6885
1.4319
0.825
2.8465
0.8772
0.8812
0.9073
0.8134
0.7504
0.8742
0.8445
0.6733
0.6993
1.1192
0.1713
1.7203
0.756
0.9459
1.1937
0.8576
0.8764
1.6885
0.7652
0.737
0.8852
0.8888
0.7277
0.8539
1.1142
0.9061
2.4346
0.7518
0.907
0.8132
1.5483
2.4885
0.9251
0.7936
1.1932
0.863
1.0481
0.9507
0.8887
1.2711
0.9026
0.7145
0.7917
0.7089
0.7063
0.7325
0.7224
0.7767
0.8446
1.0264
1.0566
0.8925
1.4451
0.8235
1.2395
0.9501
0.82
1.3104
1.1681
1.8787
1.1831
0.8986
0.2284
0.8343
2.0149
2.1497
1.0238
0.9783
1.4468
1.9846
1.3335
0.9766
0.7924
0.8511
0.9428
0.8718
0.8018
0.8441
0.703
0.937
0.6116
1.0719
0.8394
0.9937
0.7869
1.5318
0.5758
1.1381
0.9798
0.6142
1.1142
1.0194
1.1534
0.833
0.8892
0.5746
1.942
0.8891
0.6361
0.8899
1.7697
0.7467
0.5643
1.6016
0.9759
1.0561
0.6535
0.538
0.7685
0.9931
0.5786
0.9959
0.7752
1.145
0.715
1.0223
2.0935
0.8993
1.5213
1.3993
0.8237
0.8184
0.5123
0.9398
0.8143
1.1562
0.8153
0.7289
0.6561
0.9545
0.8595
0.9027
0.9354
1.4038
0.8425
0.8598
0.8463
0.8588
1.1273
0.9223
0.681
0.7483
1.055
1.0739
0.9195
1.5545
3.1571
1.0131
0.7025
0.9728
2.2978
0.7424
1.2766
0.5391
0.7864
0.8411
0.8635
0.4108
1.0319
1.2572
0.9468
0.8491
1.0078
0.9415
4.0878
1.6554
0.8627
2.3581
0.8041
1.3723
0.6883
0.7145
1.4372
1.1793
0.9487
1.1299
0.8726
0.6861
1.6209
0.8811
0.8216
0.8334
2.9226
2.8604
1.763
0.6128
0.5534
0.5989
1.0656
0.5139
1.0041
2.0454
0.7927
0.5864
0.833
0.8984
0.9077
0.8189
1.0276
1.1509
0.7307
0.8008
0.8531
1.4249
1.7089
0.9691
0.7919
0.9366
0.8251
1.9348
0.764
0.8678
0.7759
1.0707
0.8459
0.8982
0.7015
1.1344
0.7963
1.0181
0.7644
0.774
1.5975
0.8527
0.6924
3.7941
0.8485
1.6928
0.8105
1.1058
0.7441
0.8412
0.895
1.1798
1.0311
1.4186
0.8651
0.7368
0.7772
0.9505
0.7732
0.9055
0.8787
1.0796
0.8972
0.8486
3.3791
0.622
0.9893
0.8884
0.7749
1.0271
0.9982
0.867
0.8297
3.6716
0.8547
1.611
0.7393
1.8455
0.8523
1.6016
0.8877
1.6325
0.8535
0.5754
0.7759
0.8523
1.1386
1.0122
0.2876
0.4781
0.9906
0.7681
2.1922
0.782
1.186
0.8857
0.8331
0.9658
1.1507
0.8432
0.7416
0.8658
1.5351
1.0795
0.8151
0.9027
1.0542
0.742
0.8791
0.9305
0.9295
0.6385
0.8145
0.9878
0.8466
0.9616
1.0101
0.9136
1.4921
0.8842
0.9205
0.8163
0.7914
1.0204
0.9306
0.9824
0.9019
0.6473
1.0307
0.956
1.8237
0.7452
0.8143
0.915
0.5048
0.8836
1.1967
0.7164
0.8515
0.8684
1.4653
0.8697
0.4841
0.8225
1.6911
0.7028
0.6124
0.8524
3.1293
0.3101
0.8224
0.8279
0.7975
9.9051
0.8876
0.8281
0.822
0.9579
0.5723
1.28
1.7325
1.1424
0.8498
0.7031
0.9381
0.8733
1.1828
0.7078
1.0372
0.92
0.8233
1.1225
0.869
0.8778
1.0353
0.8709
0.9164
0.8755
1.3336
1.6548
3.9159
0.7556
0.5974
0.9094
0.9611
0.6795
1.2554
0.833
1.1701
0.7219
0.8108
0.376
0.8967
0.6
0.7797
0.8792
1.0446
0.8943
0.7833
0.6781
0.9911
0.7395
0.8203
0.7359
8.3668
0.6654
1.0611
0.8409
0.8876
1.1804
1.203
0.7721
0.8391
0.8
1.761
0.8651
1.1919
0.4023
1.2443
0.829
0.9158
0.9916
0.6806
0.6519
0.921
0.8143
0.5778
0.9256
0.825
0.7705
0.7728
0.2512
0.9425
1.3271
1.2687
0.9564
0.8455
0.7774
1.6509
0.8152
0.4451
0.9766
1.2171
0.8455
0.9728
0.8792
0.9396
0.9533
0.9226
0.861
0.5126
1.0371
0.6728
0.715
0.7206
0.9096
0.8986
0.3597
3.2905
0.7996
1.4441
0.8935
1.1883
1.0107
1.5331
0.8397
0.9185
0.9504
1.0296
1.5917
0.8621
1.6144
0.877
0.9613
1.1711
0.7093
0.812
1.2172
0.7954
0.8682
1.0665
1.007
0.7725
0.8881
0.7341
0.9208
0.863
0.6867
0.8759
1.1515
0.7497
0.9884
0.8669
0.9829
0.9027
0.9718
1.0701
2.0583
0.8882
1.0794
0.7851
0.6423
1.1912
0.9521
1.6077
0.895
0.9073
0.7143
0.7537
0.8565
0.8159
1.4275
1.0661
0.6743
0.8032
2.9144
1.1858
0.7952
0.8095
0.7025
0.1106
0.814
0.7984
0.7416
0.8194
0.7371
0.9556
0.9005
1.8275
0.9739
0.8292
0.6151
0.9338
0.8823
0.9331
0.6613
0.6776
0.9548
1.0732
1.3918
0.9259
4.7451
0.76
20.7832
0.7577
1.0746
0.7961
0.7464
0.8945
0.6885
0.8875
0.8628
1.4997
1.2181
1.1095
0.9095
2.6046
0.7997
0.7145
0.996
0.9974
1.4083
0.5835
0.9901
1.3425
1.3999
1.016
1.0192
0.6573
0.8693
1.0973
0.8244
0.6357
0.9394
2.0414
1.2549
0.3542
1.5784
0.8559
0.946
0.723
0.7091
1.134
0.2693
1.0948
1.045
1.5439
1.7797
0.7847
1.1533
0.8208
3.6509
0.8402
0.7512
0.8532
0.7742
1.6284
1.1784
0.9697
1.0586
0.8991
0.7631
0.529
1.3561
1.1057
0.7698
2.8985
0.762
0.8932
0.7544
0.4289
0.8045
1.2996
2.3799
0.9355
1.0197
1.8488
0.9429
1.5324
0.741
0.9591
0.7294
0.8913
0.9327
0.8441
0.8031
0.8618
0.5422
0.8691
1.0532
0.9135
0.7384
0.9064
0.5379
0.7534
0.7647
0.7864
0.9352
0.7832
0.8804
0.6298
1.0347
0.9343
0.8055
0.9259
0.9544
0.8651
0.9735
1.1736
0.7455
0.7307
0.8955
0.7355
0.8532
0.9291
2.2568
0.8349
0.9139
6.3952
0.8398
1.2428
0.8338
0.8525
0.7435
0.8773
1.0053
0.8947
0.8352
0.8452
0.8512
0.782
0.767
0.7896
0.9785
0.7894
0.8235
0.7508
3.7208
1.0763
0.6689
0.8143
0.9027
1.0092
2.5046
0.8664
0.8081
0.9424
0.9354
0.6257
0.9151
1.5533
0.8756
0.59
1.1304
1.0608
1.075
0.4436
0.9709
0.8411
0.8817
0.7544
0.7651
1.013
50.5694
0.8352
1.8043
0.8181
0.8317
0.7274
0.6765
0.9256
0.8885
0.8776
0.9115
0.9866
0.6855
1.4512
0.9506
0.6528
0.8172
0.7468
0.9025
0.2061
0.8727
0.9447
0.7637
1.5165
1.3512
2.0463
0.9218
1.1346
1.3904
0.9296
0.7977
1.03
0.8349
3.9223
0.7761
0.9506
0.8634
0.8296
1.3215
0.7036
0.9246
1.2533
0.9034
1.0149
0.9764
2.0951
0.8804
1.142
1.3472
0.7068
0.6613
0.9371
0.4086
0.7972
0.7826
0.4227
0.893
0.8555
1.2032
0.842
0.7023
1.2798
0.9975
0.6128
0.8189
0.878
0.9482
2.3873
0.6777
0.8126
0.7675
0.5302
1.2716
0.9081
0.9633
1.0165
0.9402
0.8717
0.9665
0.8679
0.8826
1.0275
0.7266
1.3109
0.6448
0.8862
0.903
1.3924
1.6061
0.7109
0.757
2.0874
1.4422
0.7666
2.3267
0.7835
1.1528
0.8684
0.915
0.6072
0.7888
0.8451
1.0803
0.5959
0.9358
0.8709
1.8259
0.8881
4.6816
0.7034
1.0825
3.0859
0.9385
1.2192
0.7218
0.5147
0.8518
1.4395
0.7913
1.4443
2.8019
0.8787
0.5728
0.9204
0.7093
1.6788
0.4546
0.79
0.6244
0.9056
0.6621
0.8526
0.585
0.9761
2.6336
0.8704
1.2508
1.0574
0.8611
0.2955
1.0493
1.015
0.9453
0.8132
0.8605
0.6429
0.7622
0.1825
1.0447
0.8507
0.7886
0.7815
1.9207
0.6595
1.5462
0.7451
0.7298
0.9215
0.9409
0.97
0.625
0.8341
0.9066
0.8213
0.8497
-0.0143
0.7011
0.867
1.8007
0.9061
1.0473
0.8898
1.2497
1.2078
0.83
0.864
1.1435
3.8634
0.709
1.1679
0.8128
0.8704
0.7695
0.8676
0.9311
0.8637
1.6133
1.0115
1.3182
1.0557
0.784
0.7994
0.9715
1.7356
0.8582
0.9237
1.005
0.6821
0.6486
1.1071
0.9599
0.8002
0.7537
0.7196
0.5569
1.0915
1.1532
0.6768
0.8593
0.6708
1.46
0.8003
0.7262
1.1336
0.8307
1.0943
1.0702
0.5038
0.7091
5.1209
0.6118
3.7236
0.9129
0.9194
0.9039
1.5558
0.9359
1.8162
0.9777
1.0791
0.6805
0.8463
0.9283
1.5626
1.1588
0.8656
1.1181
0.6423
1.3805
0.791
0.8011
0.9721
0.7753
0.9424
0.8198
1.0256
1.1908
2.7812
0.8855
0.871
1.865
0.7806
1.0038
2.3905
0.7727
0.6161
0.7601
1.0549
0.8821
1.0589
0.9018
0.6049
0.8934
1.4503
1.3612
0.9295
0.8348
0.8859
0.577
1.0637
2.6262
0.9093
0.2668
1.1683
0.8059
0.9642
0.7622
2.3897
0.965
0.7641
1.6316
0.8404
0.8744
0.4648
0.8046
0.9468
1.2915
1.2353
0.9041
1.4459
4.7823
1.1042
0.9848
1.3733
0.8493
1.1743
0.7931
0.9543
0.7224
1.2114
1.3703
0.8192
0.6508
0.7391
1.2813
0.9691
0.9214
0.8774
0.748
0.8364
0.739
0.8149
0.6412
0.8398
1.3504
0.8599
0.6816
1.1239
0.8765
1.3631
0.7778
1.0649
0.8097
0.2996
0.844
1.8197
0.9038
0.8551
1.4039
1.0305
0.8667
0.7102
1.2077
1.3443
0.8785
0.9392
0.9722
0.7262
0.5614
0.3329
0.8569
0.5506
0.926
0.7993
1.0695
1.5683
0.7579
1.4479
0.8599
1.6064
0.9332
0.7148
0.8376
1.3617
0.7567
0.7992
1.0891
1.0939
0.7696
1.1638
1.0172
1.0616
0.958
0.8309
0.6407
0.8784
0.7691
1.5971
1.1065
0.8077
0.913
0.5006
1.2622
1.0645
0.8871
1.0022
0.6859
0.9137
0.879
1.5602
0.832
0.7593
0.9737
0.729
0.7672
0.937
0.7108
0.8327
0.6183
0.7617
1.1338
0.9912
1.0887
0.6115
1.3927
0.8761
0.7393
1.1858
0.94
0.7744
0.8448
0.7949
0.6192
1.5979
0.8847
0.9297
0.9165
0.5944
1.6149
0.875
1.751
2.0747
0.9301
0.8641
0.709
0.8315
0.8285
1.1917
1.1253
0.8614
0.6653
0.7723
4.9826
0.6129
0.8001
0.9865
0.9683
0.9594
1.093
0.9064
0.9483
1.2829
1.1196
0.571
0.8386
0.8542
1.4931
0.9516
0.941
4.6601
0.8834
0.8813
0.8349
0.9296
0.9261
0.816
1.1963
0.6619
0.9031
0.9358
1.3552
0.4082
0.7143
0.8641
0.6775
0.942
0.3994
1.3852
1.6335
1.3243
0.8502
0.92
0.9693
0.8827
0.8605
0.9331
0.7914
0.8007
1.2004
0.9222
0.7787
1.0297
1.4901
0.7302
0.7854
0.8977
0.779
0.8126
1.1043
1.9747
1.0799
0.7886
0.8086
0.9051
0.9763
2.2553
0.8124
0.9113
1.2718
3.0262
0.9988
0.609
1.0443
0.3383
1.9689
1.3359
0.9434
0.8189
0.9716
1.4124
0.7822
0.7759
0.9787
0.789
0.8374
0.7879
0.9203
2.3475
0.9196
0.7688
0.8641
0.8206
2.7413
0.8469
1.1778
0.883
1.0345
0.5149
1.0387
1.1225
0.9138
0.5049
1.3455
0.7203
0.6227
0.9927
1.2318
0.955
0.4407
0.8537
0.8334
0.7151
1.6523
0.4181
0.8163
0.9671
0.7525
0.7586
0.7563
0.8845
0.6657
0.8902
0.8656
0.918
0.767
0.8516
-0.04
0.9688
0.9157
0.9011
0.9897
0.9378
0.7892
0.8882
0.8081
0.7452
0.9603
0.7387
0.7978
0.8814
0.9749
1.6133
0.635
0.9013
1.0494
1.1107
0.9152
0.6081
0.7536
1.0345
0.9051
0.7052
0.5534
1.0076
0.7363
0.6694
0.8874
0.9102
0.877
0.9046
0.8089
2.1515
0.9697
0.9816
0.8531
1.0899
0.8165
1.4079
0.9822
0.7879
1.4187
0.7939
0.9669
0.8435
2.0164
0.895
0.9154
1.3395
0.3889
0.9306
0.983
1.6532
0.9132
0.7539
0.8232
1.429
0.6594
1.0077
0.9058
0.899
0.7799
1.0562
0.856
1.1977
1.1787
0.9576
0.8139
0.528
0.8107
0.9189
0.8283
0.9581
0.9025
2.0562
1.1966
3.9817
0.9994
0.9242
0.9838
1.0189
1.803
0.9194
0.6507
1.5642
0.5311
0.4929
1.7513
2.2087
0.5777
0.8756
0.8251
0.7398
1.0814
1.144
0.8765
1.1437
0.8897
0.9735
1.0654
0.3228
0.8318
0.9295
0.7215
0.7111
0.7592
0.8437
1.1178
1.3068
0.9114
1.0137
1.1632
0.7773
1.1472
2.5665
0.862
1.2121
1.4519
1.0856
0.9203
1.9386
1.1705
2.8695
1.5525
1.1257
0.7702
1.1137
1.437
0.7486
0.851
1.1428
0.7431
0.8413
0.8775
1.5324
0.5013
0.8373
0.8902
0.914
0.1564
0.915
1.1162
1.0207
0.8888
0.8491
0.8952
1.1321
0.8676
0.8527
2.7581
1.1664
0.7283
0.6512
0.8093
0.7192
0.8944
1.0555
0.911
1.6507
2.6107
0.929
1.0374
2.7271
1.9525
2.6841
0.9392
2.249
1.2016
0.69
0.8261
0.9702
1.0348
0.8843
1.5301
0.7326
0.8326
1.9632
0.9644
0.8627
1.5799
0.8432
1.2648
0.7621
1.1932
0.9078
0.7661
0.8625
0.7255
0.6267
0.7408
0.9089
1.3808
1.0584
0.92
0.7176
1.0146
0.7104
1.04
0.9023
0.9499
1.0408
0.9657
0.8289
1.0348
0.8592
1.498
0.8866
0.9622
1.1646
0.6368
1.0009
1.0414
1.9072
0.8019
0.8225
0.8064
0.8643
0.8357
0.8708
0.7779
1.3666
0.146
0.873
0.7627
0.7446
0.9245
0.8058
0.9461
0.8695
0.929
1.0095
0.7797
0.7414
1.313
0.8094
1.0333
0.9125
0.8849
0.7934
0.8343
1.2115
0.8599
0.7889
1.9146
0.835
0.9662
0.9054
1.1143
2.2236
0.9871
0.9614
0.8856
1.1465
1.1045
1.4663
0.8738
1.3374
0.5676
0.8382
0.7963
1.0188
0.6793
0.7779
1.9281
0.8459
0.8798
0.9962
0.6705
0.7484
0.6791
0.7103
1.9993
0.9518
0.9726
1.2833
0.4098
1.1354
2.3331
0.6322
0.8872
1.3445
1.0354
1.0193
0.8111
1.2178
0.5575
1.0234
0.7776
0.8494
0.5975
0.8694
0.8714
0.9229
0.7291
1.2952
0.7151
0.8209
0.8135
0.757
0.6757
0.7779
1.0667
0.8346
1.2052
4.2164
0.8092
1.1943
0.8949
0.8861
1.0347
0.5804
0.7456
1.048
0.7969
0.8183
0.8975
1.3517
2.367
0.5977
1.2756
0.9424
0.5725
0.8885
0.8538
0.8412
0.8234
0.9006
3.3883
0.8771
0.5376
1.6937
3.6585
0.7989
0.735
0.8987
0.81
0.7006
1.0765
0.5823
3.6619
0.8731
0.935
0.9833
0.8297
0.9197
0.8161
0.9537
0.637
0.8617
1.9658
1.25
0.9784
0.7291
1.8503
0.5129
0.816
0.4999
1.0671
0.6001
0.9872
0.9385
1.577
0.9754
1.0995
0.8322
0.9625
0.5469
0.7061
0.9072
0.8698
1.0407
0.9055
0.9375
1.1346
0.8771
1.4891
2.2434
1.3304
0.995
0.0802
0.4535
0.7472
0.7441
0.925
0.8351
0.7103
0.7494
0.9388
1.129
0.6141
0.7178
0.8542
0.5804
1.5305
1.3561
0.8324
0.9624
1.0062
0.9347
1.4465
0.9013
1.2634
0.8424
1.0734
0.8656
0.9234
0.8992
1.1245
1.0085
0.7804
1.1542
0.8724
0.7785
0.8945
0.813
0.6902
1.1651
1.2868
0.8256
0.804
0.7947
0.805
1.0592
0.7612
0.8543
0.925
0.5874
0.5948
0.8622
0.5237
0.6106
0.8356
0.3285
0.8861
0.9033
0.9576
1.3229
0.934
1.1077
0.9359
3.1452
0.8926
0.8615
0.7389
0.8389
0.7036
1.735
1.1023
0.9592
0.8414
0.9265
0.9043
0.6653
0.8275
1.1867
2.9144
1.252
0.6444
0.8727
1.0743
0.9066
0.8765
0.7228
0.954
0.4608
0.9453
1.4408
0.7523
0.9537
2.4847
0.9534
0.7684
-0.2671
0.8402
0.8325
1.4576
0.8976
0.8075
0.7923
0.9518
0.7268
0.7613
1.0424
0.7483
1.4242
0.6863
1.057
1.1938
0.7879
0.9049
0.8257
0.8814
1.0812
0.8261
2.6048
0.8795
6.1947
0.9094
0.7528
0.7112
0.7881
0.8043
0.4572
1.283
0.8037
0.957
1.0618
0.825
0.8779
0.658
0.9772
0.8439
0.7733
1.2711
0.7033
0.814
1.7762
0.8042
0.8122
0.916
0.7452
1.1646
1.2258
0.752
1.2561
0.8459
0.8885
0.6407
0.7668
0.7243
1.6741
0.8602
0.4293
0.9181
1.0094
0.8365
0.7371
0.6733
0.871
0.9045
0.8353
2.6395
0.4501
0.8353
3.2418
0.7331
0.9821
0.6432
1.0114
0.7544
0.9108
0.6356
0.8243
0.9312
0.9403
1.1185
1.7764
0.9195
0.8326
0.9224
0.9464
1.2279
1.5914
0.8552
0.8183
0.8808
0.6078
0.9137
0.8697
0.8618
0.9345
0.5174
0.7012
1.2374
0.7811
1.005
1.4212
0.7879
1.2145
1.0293
0.9443
0.738
0.9055
1.1503
0.7393
1.23
0.7951
0.9882
0.7671
0.9185
0.9239
0.8825
2.2506
1.7646
0.7495
0.8004
1.0946
1.441
1.1964
0.8393
1.1775
0.607
0.8781
0.7657
0.706
0.8537
0.4561
0.8288
0.8763
1.5505
0.7738
0.8736
1.0806
0.6981
1.0486
0.6617
1.3032
0.8351
1.014
0.783
0.3933
0.7526
2.5641
1.2474
0.8574
1.3872
0.7329
0.7929
0.7708
1.5702
1.0519
1.0907
4.4334
0.8007
1.3791
0.684
8.1179
0.5794
0.4211
0.8581
0.8907
0.9206
1.8902
0.8553
0.823
0.8571
0.6337
0.9765
1.4653
0.6667
0.8541
0.661
1.7137
1.1082
0.5464
0.9491
0.8135
0.7367
1.0711
1.3217
0.8457
0.7404
3.2958
0.9675
0.8532
1.7031
1.2446
1.4408
2.0445
0.7114
0.7428
0.4237
0.793
1.8536
0.9888
1.0346
0.803
1.6578
0.7611
0.884
0.6757
0.7725
0.7451
0.791
1.3892
1.0837
0.7921
0.8568
1.3759
0.8697
0.4615
0.6302
1.2574
1.0141
0.9836
0.8303
0.5996
0.4951
1.476
0.7689
0.312
0.8716
0.7179
0.8538
0.6741
0.3303
1.0469
0.8683
0.7869
0.7351
0.5616
0.8034
0.4163
0.9053
0.7404
0.7887
0.8044
0.7885
1.0337
0.8936
0.8315
0.9128
0.8853
0.8173
0.768
1.1035
0.974
0.9684
0.8918
0.9624
0.7335
0.8907
0.9223
0.8288
0.8042
1.1172
0.7539
0.6073
0.4382
1.1061
0.932
0.8815
0.9006
1.4471
1.1177
1.1439
0.8548
1.083
0.8837
0.7465
0.9269
1.1007
0.831
0.9551
2.5226
0.7906
0.9301
1.0598
0.9001
0.5567
1.382
0.8471
0.7929
0.9194
1.6077
0.9537
1.1527
1.0294
1.0181
0.7443
0.8835
0.5229
0.4544
1.1868
0.8141
2.7202
2.0919
1.1003
5.2498
1.8
1.4334
0.9421
0.8875
1.5726
0.7363
1.1207
0.7997
0.8639
0.8998
1.3286
0.8766
0.9105
0.8464
0.7175
1.8659
1.0098
0.8501
1.1816
0.9177
4.4111
0.9871
0.5532
0.8875
1.1782
