-22.044804841279984
-22.031370282173157
-22.055414348840714
-22.072284787893295
-22.06364345550537
-22.06341776251793
-22.040306270122528
-22.05444246530533
-22.078478068113327
-22.070578426122665
-17.162286579608917
-17.228298872709274
-17.22022107243538
-17.190614253282547
-17.171660482883453
-17.22604325413704
-17.22122186422348
-17.179153949022293
-17.21224534511566
-17.20136046409607
-20.392725229263306
-20.40674751996994
-20.420294612646103
-20.436473697423935
-20.37312602996826
-20.40878391265869
-20.407994896173477
-20.425354063510895
-20.439798265695572
-20.403122037649155
-21.537064164876938
-21.538531571626663
-21.519277155399323
