-26.23255956172943
-26.235586434602737
-26.23879501223564
-26.241484135389328
-26.264862298965454
-26.244872987270355
-26.23569342494011
-26.272731095552444
-26.276530414819717
-26.252365350723267
-25.57449221611023
-25.61307179927826
-25.604629904031754
-25.603015571832657
-25.573486894369125
-25.623060017824173
-25.606803357601166
-25.60143756866455
-25.590054720640182
-25.589965969324112
-25.61008846759796
-25.59436383843422
-25.638188421726227
-25.604320228099823
-25.61139404773712
-25.567894220352173
-25.59443634748459
-25.575142860412598
-25.6069994866848
-25.60262656211853
-23.377100735902786
-23.377570271492004
-23.37944322824478
-23.378661572933197
-23.350199848413467
-23.366300791502
-23.407552152872086
-23.37779289484024
-23.366920799016953
-23.363813757896423
