0.7223
0.9496
0.9518
0.9038
0.8617
0.9471
0.5843
0.8564
0.9393
0.7523
0.6698
0.9475
0.8839
0.8665
0.7762
0.8059
0.7115
0.7041
0.5531
0.746
0.9784
0.812
0.942
0.9434
0.6896
0.9974
0.8944
0.9001
0.9217
0.8945
0.9812
0.9767
0.9072
0.9976
0.7217
0.8574
0.8668
0.787
0.7142
0.9974
0.92
0.6706
0.9726
0.9039
0.9605
0.8793
0.929
0.827
0.9113
0.921
0.9169
0.9979
0.9557
0.338
0.9574
0.8758
0.8724
0.9201
0.7849
0.9315
0.9029
0.4381
0.9597
0.7265
0.933
0.5567
0.663
0.9725
0.8373
0.9471
0.9151
0.8594
0.8844
0.9619
0.9466
0.9449
0.8167
0.8492
0.7297
0.4287
0.9613
0.8558
0.9979
0.6693
0.8753
0.7791
0.8372
0.9938
0.9871
0.8178
0.9015
0.9494
0.8075
0.8578
0.9317
0.8838
0.8866
0.453
0.9516
0.824
0.8895
0.7039
0.7959
0.9561
0.914
0.8203
0.739
0.7655
0.6797
0.7882
0.646
0.7289
0.7444
0.0897
0.9172
0.9938
0.8744
0.6357
0.8067
0.5855
0.6528
0.9896
0.9364
0.8591
0.8473
0.928
0.8717
0.8347
0.9481
0.8291
0.9756
0.9573
0.4705
0.9386
0.8881
0.9342
0.8948
0.9687
0.9627
0.6907
0.9301
0.9639
0.7761
0.9174
0.9038
0.9406
0.78
0.6636
0.878
0.9341
0.754
0.9327
0.9254
0.8884
0.9435
0.8342
0.64
0.9789
0.9664
0.9292
0.8385
0.8864
0.9194
0.9604
0.4714
0.8972
0.8417
0.8936
0.9141
0.9346
0.9109
0.7746
0.8186
0.8138
0.8197
0.8947
0.9519
0.8726
0.9015
0.729
0.1801
0.9177
0.8084
0.9786
0.7561
0.9288
0.9508
0.9793
0.5572
0.7199
0.8074
0.9007
0.7627
0.5644
0.9315
0.9141
0.7341
0.8138
0.8612
0.7688
0.7163
0.5899
0.884
0.9627
0.909
0.925
0.9034
0.924
0.9427
0.9202
0.9409
0.2067
0.83
0.9207
0.5918
0.8455
0.9959
0.8456
0.8539
0.8766
0.8835
0.9222
0.8594
0.7782
0.7016
0.8187
0.9643
0.7393
0.9269
0.8491
0.908
0.9155
0.9688
0.9069
0.8199
0.8681
0.5976
0.872
0.6884
0.6945
0.5658
0.8936
0.7651
0.9131
0.807
0.796
0.9974
0.9124
0.6092
0.8325
0.9759
0.8326
0.9883
0.5994
0.7842
0.7424
0.7258
0.8758
0.9914
0.963
0.8968
0.8214
0.8596
0.9959
0.9424
0.9326
0.7634
0.9807
0.8414
0.3012
0.8605
0.7823
0.9281
0.7603
0.8287
0.8707
0.9815
0.8225
0.9687
0.9025
0.9231
0.9562
0.9352
0.9721
0.9489
0.8299
0.9239
0.9695
0.8981
0.9652
0.8228
0.8517
0.7776
0.9938
0.6243
0.9205
0.9162
0.7602
0.876
0.2845
0.704
0.8265
0.9303
0.8666
0.7767
0.8372
0.8549
0.7201
0.9293
0.8098
0.8816
0.8012
0.9214
0.8718
0.8824
0.9608
0.6441
0.8458
0.7844
0.9513
0.5836
0.7467
0.8521
0.9398
0.7794
0.6625
0.9165
0.6066
0.9399
0.8449
0.8995
0.8945
0.8432
0.821
0.8682
0.9588
0.9444
0.8041
0.7686
0.6427
0.9071
0.8997
0.7114
0.9361
0.6776
0.7998
0.8902
0.5642
0.9264
0.8807
0.748
0.5809
0.8987
0.9179
0.7907
0.8215
0.7533
0.929
0.9959
0.7121
0.9775
0.9237
0.9341
0.8247
0.9535
0.9455
0.5863
0.714
0.9684
0.6473
0.8144
0.6838
0.7732
0.9641
0.9043
0.7305
0.959
0.8795
0.8924
0.7832
0.9941
0.8151
0.9622
0.7274
0.7378
0.7257
0.8962
0.9381
0.3518
0.9343
0.4978
0.8315
0.8807
0.8098
0.8573
0.7082
0.962
0.8763
0.8851
0.8755
0.9025
0.8621
0.8364
0.8335
0.8076
0.5458
0.9563
0.7225
0.5719
0.6955
0.9073
0.5702
0.918
0.8078
0.8182
0.6657
0.9512
0.6345
0.5442
0.9106
0.9384
0.8913
0.8284
0.9254
0.8371
0.9295
0.6214
0.7384
0.8788
0.9147
0.8276
0.9442
0.8261
0.9974
0.9521
0.9535
0.6891
0.6493
0.4025
0.992
0.925
0.9254
0.8649
0.6731
0.8304
0.951
0.6749
0.9078
0.8819
0.9444
0.671
0.6587
0.9898
0.8407
0.7588
0.7114
0.9699
0.9374
0.8187
0.8768
0.8789
0.8104
0.9258
0.8248
0.9386
0.8992
0.2153
0.7524
0.115
0.696
0.9627
0.96
0.4344
0.9446
0.9604
0.7532
0.7866
0.3593
0.4994
0.9013
0.9078
0.8793
0.915
0.8768
0.9316
0.8831
0.8683
0.8702
0.9641
0.8262
0.7687
0.5181
0.8891
0.7883
0.9974
0.9275
0.9173
0.5931
0.9254
0.787
0.8445
0.7814
0.8457
0.3728
0.8543
0.95
0.8528
0.9407
0.9121
0.9832
0.913
0.984
0.9979
0.7416
0.8714
0.8949
0.8526
0.8004
0.9106
0.9961
0.6606
0.7495
0.6843
0.7022
0.9709
0.812
0.8221
0.9395
0.9863
0.8484
0.8942
0.9177
0.9234
0.8584
0.7609
0.8726
0.7961
0.9959
0.8683
0.9319
0.8389
0.8622
0.9157
0.7358
0.7544
0.8398
0.514
0.5731
0.9594
0.8506
0.8902
0.7481
0.8675
0.9368
0.9329
0.8633
0.9025
0.3536
0.7443
0.9458
0.816
0.7718
0.843
0.8665
0.751
0.9235
0.6981
0.7287
0.7903
0.7806
0.6261
0.9362
0.9196
0.8414
0.9544
0.917
0.8852
0.693
0.9654
0.8259
0.9468
0.8998
0.9156
0.532
0.7994
0.8113
0.9856
0.85
0.7893
0.8709
0.7532
0.6357
0.84
0.939
0.9369
0.9979
0.6699
0.9499
0.9591
0.8161
0.8271
0.8712
0.8279
0.9064
0.9709
0.9006
0.801
0.9553
0.9547
0.7361
0.8486
0.749
0.8791
0.8242
0.9615
0.4952
0.9638
0.8265
0.9687
0.9125
0.8705
0.8864
0.6951
0.8757
0.8942
0.9047
0.8233
0.8152
0.8731
0.8522
0.5941
0.9168
0.8883
0.8575
0.601
0.8725
0.858
0.5488
0.7299
0.8362
0.9146
0.6876
0.9549
0.6271
0.874
0.719
0.9744
0.9218
0.8608
0.8417
0.8684
0.9565
0.6566
0.8178
0.9256
0.828
0.6497
0.737
0.9151
0.9493
0.8348
0.7864
0.6139
0.8005
0.7585
0.7654
0.8273
0.8763
0.7939
0.9298
0.9341
0.9439
0.8407
0.6298
0.7764
0.9029
0.9665
0.4728
0.8087
0.7786
0.4781
0.9029
0.8472
0.9012
0.6171
0.8359
0.9419
0.9375
0.9137
0.7723
0.9693
0.674
0.9506
0.9365
0.9716
0.9559
0.7408
0.8415
0.9037
0.8714
0.9376
0.9282
0.9278
0.7558
0.8565
0.8588
0.8586
0.7669
0.9106
0.9316
0.8753
0.8726
0.8988
0.9948
0.9186
0.8249
0.9438
0.7753
0.9493
0.9169
0.8566
0.7721
0.9352
0.7362
0.9703
0.9746
0.9243
0.9237
0.8653
0.992
0.8298
0.7509
0.8632
0.8749
0.8506
0.9916
0.9434
0.6427
0.9166
0.922
0.422
0.8008
0.883
0.9812
0.8571
0.6657
0.8857
0.7646
0.8615
0.8924
0.9148
0.941
0.9577
0.8663
0.3816
0.4691
0.8639
0.8767
0.9362
0.896
0.8838
0.8353
0.7828
0.9541
0.9872
0.9219
0.8814
0.6785
0.7944
0.9333
0.9809
0.7163
0.9619
0.7942
0.9855
0.9291
0.82
0.925
0.1017
0.8933
0.8006
0.7341
0.8678
0.667
0.9137
0.9485
0.9798
0.7745
0.9674
0.9018
0.8525
0.9049
0.9863
0.7685
0.9071
0.9682
0.9326
0.8793
0.6581
0.9282
0.9533
0.8174
0.6893
0.4235
0.8943
0.7721
0.888
0.8031
0.8497
0.9081
0.9393
0.5683
0.6927
0.9477
0.9506
0.9078
0.9938
0.7653
0.8766
0.8908
0.5791
0.8561
0.945
0.9298
0.5506
0.8844
0.7886
0.9807
0.4322
0.9148
0.9431
0.4527
0.9527
0.9561
0.8159
0.5037
0.8634
0.806
0.8616
0.962
0.9951
0.8015
0.9213
0.765
0.8927
0.8636
0.852
0.8444
0.8522
0.9466
0.9411
0.9479
0.8423
0.5827
0.6263
0.7747
0.7034
0.8259
0.9916
0.8992
0.8734
0.9281
0.9974
0.7696
0.5386
0.7898
0.8493
0.4209
0.8707
0.5398
0.9361
0.9398
0.8213
0.9262
0.9553
0.4568
0.9878
0.7692
0.7837
0.8306
0.8311
0.8578
0.8938
0.9678
0.8331
0.695
0.9096
0.752
0.9095
0.5252
0.9565
0.8362
0.889
0.7272
0.8011
0.6093
0.8641
0.7515
0.8294
0.9195
0.7566
0.9458
0.9427
0.3517
0.9294
0.1012
0.8454
0.7324
0.9692
0.9665
0.924
0.7538
0.8365
0.8045
0.9979
0.8992
0.9148
0.8893
0.8454
0.9454
0.9469
0.7668
0.9883
0.766
0.9646
0.8496
0.9185
0.9034
0.8008
0.745
0.9776
0.9239
0.9167
0.8531
0.8964
0.8749
0.9628
0.7719
0.6957
0.9254
0.5797
0.8958
0.9629
0.9494
0.821
0.9151
0.9462
0.9459
0.7976
0.6106
0.8837
0.8051
0.8825
0.9421
0.7631
0.9166
0.9818
0.7277
0.94
0.8921
0.9142
0.9144
0.7706
0.9242
0.8444
0.7426
0.948
0.7987
0.9695
0.8489
0.8634
0.7342
0.8971
0.8411
0.8147
0.9115
0.8954
0.9663
0.9979
0.9437
0.7538
0.7574
0.5859
0.7278
0.8206
0.9418
0.867
0.8571
0.8127
0.7742
0.8796
0.8734
0.9516
0.7327
0.9959
0.8533
0.9207
0.9118
0.6697
0.8054
0.9701
0.6665
0.4968
0.9456
0.8983
0.9425
0.7861
0.9429
0.3256
0.9754
0.9829
0.8363
0.9537
0.8983
0.8468
0.5443
0.8986
0.8387
0.7964
0.9827
0.9027
0.3717
0.4793
0.9542
0.8617
0.8244
0.8548
0.739
0.894
0.8373
0.9414
0.9073
0.5909
0.8236
0.9809
0.9348
0.4428
0.8457
0.9533
0.8801
0.7259
0.8924
0.8405
0.9414
0.982
0.9333
0.9233
0.9836
0.6101
0.9429
0.8868
0.883
0.9163
0.525
0.521
0.8207
0.8647
0.7398
0.8307
0.9745
0.7287
0.6875
0.9856
0.9467
0.8469
0.8016
0.8947
0.8012
0.9018
0.3645
0.2929
0.8958
0.8386
0.7498
0.914
0.8635
0.6208
0.9118
0.9924
0.8948
0.7673
0.9355
0.9518
0.8979
0.9806
0.9777
0.9846
0.9406
0.6815
0.5136
0.6021
0.7437
0.4733
0.6976
0.9084
0.9736
0.9229
0.8234
0.9837
0.6982
0.8925
0.9567
0.9183
0.3248
0.6663
0.8294
0.7102
0.8265
0.8191
0.8539
0.9404
0.8145
0.8022
0.7714
0.7824
0.8947
0.7295
0.8841
0.8051
0.5052
0.9333
0.9884
0.634
0.4821
0.9829
0.6878
0.6385
0.9418
0.9643
0.7158
0.9121
0.9461
0.7769
0.8815
0.968
0.9357
0.9001
0.9715
0.7301
0.6493
0.738
0.6812
0.9109
0.5986
0.9324
0.9559
0.6944
0.9285
0.8567
0.8317
0.7979
0.7754
0.9037
0.809
0.9542
0.8241
0.8397
0.9841
0.5604
0.9602
0.9285
0.9498
0.8553
0.7955
0.9535
0.8929
0.8518
0.9347
0.8969
0.2228
0.6859
0.8209
0.9388
0.9338
0.8068
0.8187
0.9413
0.8095
0.8705
0.776
0.8449
0.975
0.9904
0.546
0.9005
0.9276
0.8087
0.338
0.6944
0.777
0.9619
0.9626
0.7917
0.9565
0.8957
0.7488
0.9081
0.8573
0.9546
0.9567
0.963
0.876
0.9464
0.8576
0.7779
0.9047
0.7459
0.9305
0.6027
0.9527
0.9697
0.9464
0.8776
0.7507
0.7812
0.9103
0.833
0.9466
0.8306
0.4348
0.9191
0.8132
0.9684
0.9222
0.9009
0.8936
0.9324
0.9683
0.796
0.804
0.5193
0.7208
0.9539
0.8876
0.9539
0.9887
0.9031
0.9143
0.9124
0.9635
0.6547
0.9694
0.9061
0.6137
0.9926
0.7419
0.8244
0.6189
0.9843
0.7917
0.0789
0.7599
0.8622
0.9573
0.7081
0.4381
0.991
0.9486
0.3011
0.5651
0.9493
0.7375
0.8094
0.963
0.9759
0.9664
0.5349
0.6332
0.589
0.8785
0.8293
0.9452
0.9288
0.6986
0.8707
0.9658
0.9542
0.8006
0.7236
0.9349
0.8462
0.896
0.9364
0.9097
0.2127
0.8057
0.8356
0.9697
0.8066
0.9566
0.904
0.9635
0.9404
0.8153
0.9809
0.9174
0.6115
0.8359
0.7959
0.6831
0.7552
0.9512
0.9826
0.8998
0.9733
0.9268
0.6968
0.8565
0.8473
0.9945
0.7807
0.7709
0.9194
0.8204
0.9619
0.9341
0.8369
0.912
0.9667
0.9029
0.9796
0.9916
0.9034
0.9745
0.9759
0.8255
0.7571
0.7501
0.8661
0.5176
0.3551
0.8719
0.9318
0.8731
0.8937
0.8986
0.6102
0.6691
0.8516
0.8498
0.9791
0.989
0.7797
0.7291
0.9576
0.9474
0.8864
0.8156
0.1754
0.9174
0.8803
0.8858
0.2596
0.8791
0.9464
0.8703
0.9299
0.9758
0.8197
0.9797
0.8503
0.8548
0.9503
0.9328
0.7843
0.6206
0.9212
0.9313
0.9894
0.6152
0.6518
0.8812
0.8161
0.8856
0.9807
0.9593
0.7887
0.8953
0.4354
0.9037
0.7824
0.8795
0.8935
0.8712
0.5465
0.9034
0.8513
0.6891
0.8471
0.9417
0.9792
0.9745
0.9906
0.7885
0.8816
0.8258
0.9637
0.887
0.9214
0.8567
0.6013
0.8966
0.9253
0.7592
0.8292
0.9492
0.5968
0.7108
0.9237
0.9774
0.9109
0.61
0.8847
0.9583
0.9016
0.7456
0.9161
0.8534
0.8752
0.9581
0.9793
0.8705
0.9101
0.9078
0.9873
0.9954
0.9678
0.9882
0.9896
0.6042
0.938
0.8439
0.9322
0.9706
0.9782
0.7935
0.7952
0.6749
0.53
0.5049
0.8047
0.9912
0.8986
0.9137
0.9226
0.9572
0.8927
0.969
0.9412
0.9354
0.9509
0.8746
0.8356
0.8471
0.9297
0.8481
0.9272
0.7951
0.8914
0.9069
0.7731
0.8577
0.9608
0.9634
0.9847
0.8737
0.8114
0.967
0.9134
0.6735
0.9383
0.0973
0.8241
0.8405
0.8934
0.8614
0.905
0.7945
0.8541
0.9399
0.974
0.9669
0.7846
0.6691
0.8558
0.6823
0.9793
0.8293
0.9334
0.9578
0.4904
0.9539
0.7624
0.848
0.6545
0.9729
0.766
0.9787
0.9858
0.8355
0.9406
0.9126
0.9748
0.9198
0.4843
0.9333
0.8995
0.7456
0.9809
0.8039
0.8787
0.6416
0.8792
0.9218
0.8964
0.8375
0.8959
0.8525
0.688
0.6347
0.7887
0.939
0.884
0.9605
0.8972
0.8896
0.8155
0.8801
0.8761
0.9467
0.8878
0.7774
0.5002
0.9655
0.8602
0.7164
0.9068
0.7071
0.8532
0.8983
0.8217
0.6477
0.9344
0.6908
0.8481
0.8524
0.6813
0.9611
0.9286
0.9668
0.9134
0.9341
0.7994
0.9215
0.3182
0.9915
0.9085
0.9306
0.6836
0.9006
0.7703
0.7791
0.9251
0.7851
0.8681
0.8551
0.8586
0.9194
0.9786
0.9127
0.4363
0.8329
0.4066
0.9912
0.9524
0.7224
0.9823
0.9356
0.9753
0.8712
0.8129
0.9766
0.4261
0.8783
0.9086
0.6942
0.9512
0.8683
0.9894
0.7658
0.985
0.9761
0.9632
0.9649
0.9318
0.498
0.9653
0.7191
0.9643
0.5289
0.9753
0.9368
0.6381
0.9483
0.9671
0.8121
0.9554
0.8367
0.9089
0.8642
0.7932
0.9313
0.9564
0.3276
0.7666
0.9035
0.8715
0.5636
0.8876
0.8692
0.8963
0.784
0.5595
0.823
0.9478
0.9763
0.8829
0.9331
0.7467
0.9077
0.8867
0.9343
0.6069
0.6568
0.9234
0.8799
0.9657
0.9572
0.7392
0.5294
0.6983
0.6865
0.9862
0.9119
0.765
0.9491
0.8253
0.7718
0.9464
0.9517
0.8508
0.4881
0.8765
0.9808
0.9341
0.9412
0.7994
0.8221
0.7877
0.7659
0.261
0.8023
0.9486
0.9686
0.4206
0.9401
0.446
0.8293
0.9532
0.911
0.8134
0.6765
0.8476
0.9829
0.6918
0.8203
0.9644
0.8732
0.9461
0.906
0.832
0.8758
0.7857
0.9112
0.6107
0.5319
0.3322
0.8407
0.8392
0.8815
0.949
0.9031
0.9792
0.8765
0.8706
0.7351
0.8949
0.954
0.8731
0.8598
0.8986
0.9145
0.9676
0.877
0.8483
0.6818
0.8446
0.9808
0.6723
0.8782
0.9643
0.8665
0.6815
0.5451
0.7353
0.9048
0.7881
0.7431
0.8982
0.966
0.9506
0.953
0.6382
0.966
0.7454
0.9829
0.7207
0.8801
0.9801
0.8648
0.9381
0.7611
0.9264
0.7293
0.8404
0.9107
0.6901
0.9526
0.8065
0.7094
0.9697
0.7235
0.9296
0.9035
0.9265
0.8927
0.8907
0.9585
0.5445
0.7665
0.7473
0.567
0.803
0.9538
0.907
0.8983
0.9066
0.9313
0.896
0.9375
0.584
0.9346
0.9735
0.9914
0.9351
-0.1871
0.9364
0.6022
0.7608
0.8457
0.8826
0.8893
0.623
0.84
0.7278
0.8329
0.9787
0.959
0.9367
0.3159
0.9638
0.6746
0.9754
0.9481
0.8584
0.9316
0.6575
0.8506
0.7985
0.9758
0.8388
0.8375
0.5725
0.9456
0.8877
0.9334
0.8772
0.9181
0.9502
0.7708
0.7591
0.5954
0.912
0.9802
0.9063
0.8342
0.9916
0.8874
0.8414
0.8315
0.9619
0.9539
0.7784
0.9304
0.6596
0.8367
0.7825
0.9748
0.9021
0.6701
0.9425
0.7799
0.8377
0.9068
0.1873
0.9136
0.8471
0.9078
0.8786
0.8297
0.9542
0.9561
0.94
0.9476
0.9347
0.9286
0.7265
0.7004
0.88
0.701
0.9412
0.8589
0.8985
0.8263
0.7003
0.8522
0.8379
0.9786
0.8935
0.7127
0.962
0.9489
0.9243
0.8545
0.8704
0.7128
0.9834
0.8931
0.7757
0.672
0.8559
0.7673
0.8694
0.7312
0.9399
0.4743
0.9232
0.9342
0.3564
0.968
0.8781
0.9039
0.7008
0.8279
0.9107
0.8497
0.8081
0.8118
0.7897
0.9356
0.9221
0.9202
0.861
0.8941
0.8539
0.9226
0.644
0.9569
0.9678
0.9316
0.7427
0.8089
0.9839
0.9236
0.8727
0.9686
0.8469
0.7926
0.7785
0.8938
0.8467
0.9802
0.5547
0.9586
0.9294
0.9914
0.545
0.6955
0.6797
0.8102
0.8179
0.9568
0.921
0.9427
0.7217
0.3628
0.843
0.8762
0.8471
0.7324
0.6688
0.882
0.8922
0.8165
0.9628
0.6667
0.8362
0.6393
0.7988
0.971
0.8894
0.975
0.6089
0.9716
0.9134
0.9
0.4572
0.7795
0.7459
0.7212
0.9838
0.8276
0.9791
0.8259
0.7704
0.8031
0.8602
0.6982
0.9514
0.9391
0.9606
0.8735
0.769
0.7506
0.922
0.8395
0.8958
0.9466
0.8435
0.7527
0.8731
0.7578
0.9682
0.938
0.9481
0.9005
0.9535
0.6866
0.6346
0.8767
0.9125
0.9389
0.6639
0.6007
0.8081
0.8195
0.8751
0.9451
0.9345
0.803
0.9948
0.9275
0.9465
0.706
0.7921
0.9466
0.9103
0.5794
0.8695
0.4466
0.9414
0.7159
0.6769
0.5254
0.9753
0.8002
0.9615
0.5988
0.9721
0.6144
0.962
0.6824
0.909
0.9575
0.8595
0.7484
0.9822
0.9188
0.586
0.8738
0.9891
0.8857
0.7837
0.7567
0.9592
0.8914
0.4657
0.694
0.9238
0.9548
0.8796
0.4544
0.9454
0.8648
0.9617
0.8576
0.9017
0.9358
0.9469
0.5732
0.9297
0.9715
0.8805
0.9303
0.8643
0.6845
0.9094
0.9139
0.8965
0.7992
0.5406
0.329
0.7982
0.7545
0.7502
0.8763
0.9913
0.9506
0.9361
0.1022
0.8933
0.7862
0.9085
0.5687
0.9104
0.7332
0.5149
0.3918
0.9349
0.9335
0.9481
0.8757
0.9688
0.9641
0.9912
0.8757
0.9459
0.9702
0.9712
0.9648
0.4304
0.9889
0.9167
0.7617
0.8092
0.9035
0.9258
0.989
0.8907
0.8708
0.7758
0.9913
0.9432
0.9616
0.7414
0.8079
0.95
0.9116
0.8869
0.9612
0.2143
0.7012
0.9199
0.6758
0.9348
0.9348
0.9826
0.9406
0.8331
0.9641
0.9739
0.9912
0.899
0.917
0.7764
0.8699
0.9412
0.9567
0.8289
0.9786
0.8912
0.9132
0.6754
0.9769
0.7891
0.9609
0.8182
0.8951
0.6596
0.9288
0.955
0.7546
0.7815
0.8887
0.9382
0.9487
0.4489
0.9586
0.9376
0.8424
0.8954
0.7427
0.8365
0.8769
0.5562
0.9407
0.9142
0.8064
0.8721
0.8528
0.9381
0.8494
0.9407
0.8556
0.7773
0.9083
0.7922
0.9329
0.95
0.8712
0.8113
0.7978
0.992
0.7976
0.8396
0.7526
0.9138
0.8994
0.9531
0.8743
0.802
0.894
0.6702
0.9336
0.9503
0.9616
0.9358
0.7021
0.8214
0.9077
0.7219
0.8384
0.8792
0.8496
0.5321
0.9947
0.897
0.7758
0.4659
0.8764
0.8994
0.963
0.8795
0.8204
0.9527
0.884
0.9384
0.992
0.8393
0.8638
0.9381
0.8915
0.931
0.8547
0.898
0.365
0.6034
0.731
0.728
0.7982
0.9652
0.9547
0.8044
0.937
0.6482
0.4628
0.7626
0.7012
0.7836
0.9527
0.9754
0.9681
0.9832
0.9001
0.9574
0.7657
0.9298
0.833
0.8941
0.9378
0.9164
0.7159
0.9654
0.7814
0.9269
0.8412
0.9846
0.9344
0.7174
0.3783
0.727
0.9109
0.775
0.8396
0.921
0.9435
0.9517
0.6343
0.8342
0.9758
0.9517
0.8165
0.9163
0.8862
0.8807
0.7148
0.6766
0.88
0.9503
0.9272
0.8828
0.8724
0.9625
0.9686
0.9846
0.7366
0.4842
0.9361
0.8474
0.9159
0.5432
0.838
0.9557
0.9185
0.9601
0.826
0.9006
0.9301
0.831
0.8472
0.9526
0.9515
0.7804
0.9706
0.6158
0.6948
0.8736
0.5268
0.9597
0.9919
0.7623
0.7375
0.814
0.8509
0.9007
0.7674
0.8765
0.8556
0.992
0.9172
0.8938
0.8627
0.8469
0.9091
0.8377
0.9767
0.8663
0.788
0.9691
0.8313
0.9194
0.9319
0.9184
0.9007
0.9498
0.7133
0.9222
0.4186
0.9823
0.8971
0.9425
0.8195
0.9599
0.9574
0.7349
0.7709
0.8798
0.848
0.9732
0.8837
0.9633
0.9059
0.915
0.9172
0.9738
0.9037
0.9162
0.8905
0.6514
0.6303
0.9366
0.9829
0.8984
0.5879
0.9085
0.8091
0.9863
0.9726
0.9777
0.9526
0.9485
0.7951
0.9157
0.8779
0.7041
0.7756
0.4153
0.5843
0.8596
0.9571
0.8905
0.8972
0.2307
0.8184
0.8605
0.9509
0.9548
0.805
0.864
0.6627
0.7749
0.9116
0.9064
0.9007
0.8828
0.9111
0.6803
0.8579
0.8049
0.9136
0.8268
0.7963
0.9194
0.8939
0.8103
0.8597
0.8867
0.4468
0.946
0.852
0.5701
0.9573
0.5108
0.6105
0.9429
0.8598
0.9672
0.8849
0.0427
0.9426
0.9465
0.7839
0.4215
0.9192
0.8593
0.7288
0.9024
0.9546
0.6761
0.9617
0.8478
0.5593
0.9231
0.985
0.6228
0.9696
0.8772
0.8228
0.8363
0.9194
0.9593
0.7729
0.9295
0.9546
0.8855
0.9657
0.718
0.9591
0.8756
0.6582
0.8066
0.9812
0.891
0.9498
0.9118
0.8474
0.9064
0.8035
0.7517
0.7912
0.7122
0.9689
0.8529
0.8751
0.7642
0.8688
0.9216
0.981
0.8446
0.8716
0.8901
0.9153
0.773
0.961
0.9211
0.898
0.671
0.7957
0.8194
0.9269
0.9888
0.8536
0.8171
0.5114
0.9046
0.9208
0.3929
0.946
0.8228
0.9327
0.73
0.9453
0.8916
0.3584
0.8847
0.8033
0.8741
0.9412
0.9246
0.739
0.7446
0.9246
0.8113
0.9437
0.7972
0.8037
0.9493
0.8451
0.9406
0.7504
0.9705
0.6829
0.8981
0.8009
0.3911
0.756
0.8849
0.9235
0.9122
0.7095
0.801
0.9353
0.8789
0.9559
0.7933
0.8898
0.9623
0.6465
0.5487
0.8465
0.9208
0.9849
0.9273
0.9468
0.8927
0.9003
0.8243
0.2805
0.965
0.8732
0.8976
0.8985
0.7484
0.9725
0.8759
0.5789
0.8277
0.6493
0.7948
0.8058
0.7883
0.9682
0.885
0.9664
0.8741
0.8777
0.662
0.9051
0.9414
0.9272
0.8895
0.7046
0.539
0.9424
0.9425
0.9035
0.8077
0.9507
0.8671
0.9876
0.9114
0.8087
0.8546
0.9438
0.918
0.6969
0.8518
0.9209
0.787
0.9358
0.8322
0.9374
0.4868
0.8172
0.6938
0.9394
0.911
0.7979
0.8571
0.9624
0.9613
0.691
0.9248
0.8778
0.8529
0.9447
0.9031
0.7825
0.8524
0.7629
0.8994
0.8316
0.8039
0.943
0.9297
0.9237
0.9511
0.7069
0.8862
0.8616
0.9509
0.7826
0.8768
0.9708
0.8281
0.8752
0.8718
0.3369
0.804
0.8804
0.9182
0.9692
0.8385
0.5659
0.897
0.8907
0.9536
0.8717
0.7574
0.9401
0.8378
0.7082
0.9257
0.9365
0.9712
0.7949
0.9213
0.9885
0.828
0.9116
0.8501
0.8946
0.8548
0.9057
0.8306
0.5043
0.9387
0.8568
0.893
0.8352
0.9507
0.8612
0.9543
0.9161
0.6094
0.9069
0.9408
0.8417
0.5552
0.9701
0.1848
0.8314
0.9838
0.9031
0.9075
0.9378
0.6983
0.5233
0.3861
0.8571
0.7752
0.4306
0.6428
0.9024
0.8589
0.8865
0.7983
0.548
0.9584
0.9586
0.9813
0.9586
0.3639
0.79
0.9309
0.7768
0.9104
0.9885
0.8698
0.9007
0.8614
0.8693
0.9161
0.8532
0.8255
0.8549
0.9849
0.733
0.8423
0.9728
0.9418
0.8338
0.9212
0.8342
0.9483
0.4917
0.8383
0.4922
0.62
0.9156
0.7358
0.6416
0.8196
0.9255
0.8262
0.8221
0.8291
0.9339
0.5467
0.685
0.8926
0.852
0.853
0.8643
0.8441
0.5707
0.9078
0.6077
0.4223
0.7962
0.738
0.9151
0.9066
0.9636
0.7171
0.8886
0.9391
0.5433
0.3715
0.9371
0.9291
0.9191
0.9572
0.8436
0.696
0.7671
0.9643
0.8439
0.8885
0.9665
0.8998
0.8495
0.8266
0.9009
0.7681
0.9047
0.9581
0.645
0.7228
0.8067
0.489
0.9515
0.8226
0.6446
0.7338
0.9145
0.3457
0.826
0.9409
0.7337
0.366
0.9426
0.7823
0.9001
0.9266
0.5555
0.7072
0.6779
0.7507
0.9517
0.5617
0.8178
0.9375
0.8428
0.8911
0.9513
0.7769
0.9695
0.9416
0.9844
0.8747
0.9481
0.8848
0.7583
0.9221
0.849
0.8552
0.9235
0.9717
0.6651
0.736
0.9586
0.9671
0.6441
0.9229
0.647
0.8455
0.8264
0.8812
0.9413
0.8325
0.5297
0.9127
0.5478
0.9292
0.9561
0.7769
0.679
0.7951
0.7233
0.9233
0.9252
0.9252
0.9586
0.8041
0.8501
0.9375
0.8844
0.8187
0.8493
0.4339
0.8819
0.8399
0.8245
0.7533
0.7879
0.9428
0.8362
0.8414
0.8658
0.8153
0.8742
0.6773
0.8824
0.6348
0.9659
0.9745
0.4219
0.9776
0.6566
0.8759
0.7596
0.8353
0.3627
0.9215
0.9821
0.9672
0.8374
0.7389
0.6852
0.8521
0.7569
0.7677
0.6372
0.558
0.9142
0.9658
0.954
0.9522
0.53
0.6947
0.7941
0.846
0.7136
0.7372
0.9303
0.9463
0.9455
0.8169
0.5478
0.9586
0.6201
0.964
0.8788
0.826
0.8494
0.5084
0.8968
0.7949
0.7569
0.8389
0.9148
0.9451
0.8282
0.8397
0.8953
0.8916
0.8286
0.8708
0.8658
0.8828
0.9573
0.8278
0.9885
0.7667
0.8062
0.9076
0.9165
0.8873
0.9834
0.8041
0.9133
0.926
0.9838
0.9173
0.9348
0.9889
0.9814
0.3057
0.8524
0.5546
0.6541
0.8531
0.6713
0.5186
0.3843
0.9682
0.9591
0.9137
0.9591
0.9386
0.9501
0.97
0.7836
0.8277
0.9945
0.903
0.9603
0.7075
0.9885
0.9721
0.9234
0.7131
0.8414
0.5836
0.954
0.9814
0.8451
0.9025
0.9159
0.8358
0.9689
0.9784
0.9613
0.7486
0.8175
0.9437
0.9733
0.9107
0.8714
0.9065
0.8903
0.8798
0.8679
0.78
0.8988
0.8536
0.8934
0.9361
0.8347
0.9101
0.8675
0.7074
0.9654
0.7439
0.9338
0.9126
0.8968
0.8455
0.5248
0.9533
0.7233
0.9649
0.7378
0.983
0.8829
0.837
0.9295
0.6522
0.7468
0.9854
0.7994
0.7151
0.765
0.9372
0.8981
0.7453
0.8878
0.727
0.8309
0.9505
0.5214
0.6919
0.9738
0.8279
0.794
0.8912
0.9264
0.9806
0.9386
0.8524
0.7808
0.8897
0.9627
0.5801
0.8713
0.8924
0.823
0.9228
0.8452
0.8173
0.8588
0.8165
0.9532
0.6751
0.6241
0.9768
0.42
0.8694
0.8639
0.819
0.9941
0.8167
0.9842
0.8229
0.9597
0.9446
0.9398
0.7932
0.9943
0.96
0.8016
0.8165
0.6944
0.9653
0.875
0.8632
0.2973
0.7687
0.9918
0.9395
0.7488
0.9365
0.9869
0.8845
0.8828
0.8043
0.8828
0.9186
0.8812
0.8593
0.8957
0.9684
0.861
0.9384
0.8534
0.7793
0.7543
0.9277
0.9142
0.4851
0.7927
0.8554
0.5377
0.8692
0.2864
0.4383
0.7787
0.8967
0.9758
0.8302
0.8218
0.9781
0.8527
0.9823
0.995
0.9214
0.9931
0.832
0.6344
0.8386
0.557
0.9073
0.8705
0.9258
0.981
0.6664
0.6484
0.6474
0.7265
0.995
0.7303
0.7615
0.9803
0.9076
0.9432
0.7027
0.8228
0.7318
0.8111
0.8534
0.9558
0.9469
0.9735
0.9967
0.9945
0.5071
0.8869
0.9357
0.8862
0.6884
0.9279
0.874
0.8672
0.7854
0.816
0.5754
0.8827
0.6099
0.9302
0.7485
0.5597
0.9503
0.9143
0.9662
0.5939
0.9064
0.8712
0.9384
0.9554
0.887
0.6582
0.9596
0.9277
0.8434
0.8939
0.9144
0.9161
0.7485
0.9239
0.609
0.8299
0.8992
0.9728
0.4235
0.5299
0.9327
0.6932
0.9125
0.9931
0.8746
0.9594
0.8795
0.8268
0.9258
0.9656
0.921
0.8989
0.9056
0.901
0.849
0.954
0.9904
0.9311
0.895
0.8034
0.416
0.8528
0.867
0.8572
0.982
0.9496
0.9559
0.7305
0.9201
0.9161
0.8645
0.9124
0.9895
0.7677
0.9967
0.9744
0.9039
0.9346
0.9392
0.639
0.9389
0.9885
0.8356
0.815
0.7314
0.8753
0.8634
0.5286
0.9137
0.9828
0.9599
0.7483
0.8507
0.995
0.8429
0.952
0.9413
0.902
0.9368
0.9608
0.7063
0.8796
0.9396
0.8869
0.7931
0.9338
0.8914
0.953
0.9238
0.9023
0.8257
0.6504
0.9904
0.9058
0.8189
0.8973
0.8915
0.6532
0.4116
0.7969
0.9468
0.907
0.8873
0.9014
0.9931
0.8124
0.9535
0.5943
0.8816
0.9956
0.4804
0.8795
0.9578
0.8729
0.9221
0.9163
0.8537
0.7622
0.9206
0.9715
0.9346
0.9036
0.8117
0.5517
0.5601
0.6815
0.9695
0.8194
0.9722
0.9145
0.7888
0.9904
0.963
0.9619
0.9569
0.8402
0.9601
0.75
0.9092
0.9945
0.9515
0.9878
0.9955
0.907
0.9356
0.6029
0.9278
0.9094
0.8153
0.8741
0.9304
0.8684
0.7874
0.3474
0.901
0.8027
0.5468
0.8348
0.9451
0.8842
0.7987
0.9633
0.6793
0.7778
0.6953
0.8965
0.7221
0.5756
0.9718
0.9427
0.796
0.8989
0.8535
0.5817
0.806
0.9177
0.9736
0.9813
0.6798
0.6418
0.8989
0.938
0.9537
0.874
0.9788
0.8885
0.773
0.8293
0.9278
0.9722
0.7233
0.9449
0.9084
0.9321
0.9583
0.7742
0.9328
0.9187
0.9098
0.9904
0.845
0.9393
0.7548
0.9931
0.9172
0.9195
0.9102
0.8022
0.9878
0.5524
0.4828
0.8773
0.8053
0.8809
0.7923
0.8953
0.6939
0.8397
0.994
0.9827
0.9871
0.8219
0.8923
0.9646
0.8683
0.797
0.996
0.9415
0.6985
0.6384
0.9952
0.9554
0.8543
0.6672
0.6999
0.9206
0.9796
0.9646
0.9718
0.9762
0.9571
0.8971
0.653
0.9443
0.8819
0.9822
0.9779
0.9273
0.7658
0.8487
0.8231
0.9507
0.6903
0.7751
0.8921
0.9334
0.9279
0.9367
0.8039
0.9583
0.8705
0.9293
0.7262
0.9568
0.73
0.9966
0.8722
0.4469
0.5229
0.9019
0.7079
0.8938
0.9381
0.9386
0.7794
0.9492
0.9471
0.9818
0.9146
0.6916
0.9094
0.9757
0.8901
0.8442
0.8796
0.9297
0.8309
0.9521
0.9455
0.7004
0.9025
0.9539
0.7769
0.968
0.9342
0.9616
0.8895
0.942
0.9152
0.9534
0.9815
0.5049
0.9615
0.9079
0.9191
0.8697
0.995
0.9659
0.8619
0.7731
0.3785
0.6234
0.8483
0.8791
0.8785
0.9224
0.9441
0.9106
0.7107
0.7382
0.7
0.9189
0.9956
0.8873
0.9414
0.5108
0.8933
0.8588
0.3416
0.8538
0.6497
0.984
0.9277
0.8748
0.8839
0.9554
0.9298
0.9341
0.8845
0.9593
0.7863
0.8639
0.9009
0.9171
0.976
0.8117
0.6669
0.8178
0.9299
0.877
0.8543
0.7683
0.8939
0.9248
0.7499
0.9048
0.7801
0.9196
0.8716
0.9897
0.9064
0.9211
0.9767
0.965
0.8223
0.7671
0.9435
0.6955
0.6899
0.8613
0.8579
0.9931
0.7286
0.7543
0.9889
0.9097
0.8673
0.8838
0.8933
0.5846
0.8751
0.767
0.9419
0.6255
0.9077
0.6594
0.9382
0.9324
0.854
0.7503
0.855
0.6225
0.9191
0.6311
0.9567
0.9138
0.9184
0.8418
0.9935
0.9213
0.8928
0.9688
0.6732
0.7224
0.995
0.7278
0.8475
0.8311
0.869
0.9365
0.8926
0.9281
0.9474
0.7657
0.6809
0.8432
0.8523
0.9279
0.6996
0.833
0.8583
0.8296
0.8968
0.8956
0.995
0.8133
0.9924
0.9118
0.8635
0.7298
0.9756
0.3102
0.9919
0.8693
0.8842
0.8288
0.7628
0.7497
0.9293
0.8028
0.7638
0.9822
0.9004
0.9617
0.9591
0.9809
0.2918
0.928
0.7486
0.8489
0.886
0.7174
0.9104
0.9818
0.5893
0.8174
0.7434
0.9013
0.8932
0.9819
0.9734
0.9778
0.8257
0.9725
0.9025
0.9083
0.6279
0.9331
0.8551
0.8753
0.9901
0.8262
0.871
0.9051
0.9904
0.5708
0.8619
0.941
0.9015
0.6695
0.9871
0.707
0.9874
0.5434
0.7248
0.9194
0.8361
0.963
0.6099
0.9514
0.863
0.7567
0.8902
0.6766
0.9698
0.9169
0.9192
0.9253
0.8984
0.7465
0.9538
0.9256
0.8949
0.9505
0.9475
0.9584
0.8025
0.7103
0.9612
0.9904
0.982
0.788
0.7609
0.9756
0.9667
0.931
0.9253
0.8673
0.8441
0.9898
0.8466
0.9261
0.8333
0.8163
0.9751
0.6735
0.7165
0.8591
0.969
0.7712
0.8717
0.9358
0.7363
0.7985
0.9063
0.6478
0.7852
0.9205
0.9312
0.9644
0.932
0.7819
0.6686
0.9449
0.9904
0.8594
0.8845
0.7292
0.8323
0.4654
0.8572
0.7522
0.8873
0.9504
0.8829
0.8076
0.9484
0.8729
0.9265
0.9956
0.8665
0.8674
0.8391
0.9148
0.8888
0.9219
0.3762
0.59
0.849
0.9466
0.7189
0.9552
0.8319
0.9807
0.931
0.6007
0.8252
0.6081
0.4653
0.8658
0.9715
0.9608
0.5546
0.8378
0.9643
0.9941
0.9085
0.7526
0.9791
0.9657
0.9117
0.9516
0.8317
0.9651
0.8096
0.9941
0.9708
0.783
0.995
0.9516
0.8465
0.7783
0.7676
0.8135
0.8549
0.7056
0.5463
0.9186
0.8466
0.9802
0.9363
0.9491
0.9482
0.9751
0.958
0.8518
0.942
0.9326
0.8477
0.5648
0.97
0.9303
0.9563
0.8238
0.9235
0.9503
0.712
0.9931
0.6778
0.7985
0.8839
0.9242
0.7341
0.8571
0.9375
0.9565
0.8862
0.2542
0.996
0.4714
0.9094
0.6318
0.8566
0.8778
0.9352
0.8808
0.9931
0.9337
0.652
0.7195
0.708
0.7435
0.9806
0.7485
0.7384
0.9753
0.8349
0.9579
0.8665
0.7447
0.7005
0.9674
0.8512
0.8414
0.838
0.6591
0.9694
0.9252
0.909
0.9618
0.7977
0.9039
0.809
0.882
0.6822
0.9695
0.866
0.5146
0.8902
0.8885
0.882
0.9014
0.9252
0.8393
0.8961
0.9742
0.769
0.9477
0.9444
0.7774
0.9883
0.8914
0.687
0.7878
0.8539
0.9685
0.9534
0.75
0.8888
0.9009
0.8774
0.9843
0.8478
0.9036
0.9072
0.7327
0.758
0.8582
0.7994
0.9935
0.9434
0.9564
0.9497
0.5725
0.9095
0.9448
0.8114
0.8909
0.821
0.9103
0.747
0.9941
0.8704
0.7889
0.8466
0.9904
0.9025
0.6937
0.7919
0.9094
0.9238
0.8432
0.9458
0.9931
0.9872
0.8491
0.9583
0.9637
0.8055
0.9935
0.9409
0.9411
0.8933
0.7586
0.9396
0.9942
0.8782
0.9134
0.4524
0.7472
0.8696
0.9915
0.6571
0.9843
0.997
0.7069
0.8632
0.9643
0.3344
0.8238
0.8145
0.7469
0.9563
0.8079
0.9257
0.8362
0.9076
0.8195
0.9838
0.8657
0.9264
0.9008
0.818
0.9235
0.9434
0.9883
0.8812
0.8208
0.8531
0.7784
0.1584
0.8804
0.9296
0.9871
0.6492
0.994
0.5665
0.9578
0.8982
0.528
0.9605
0.9773
0.9146
0.6993
0.3838
0.8773
0.2127
0.9781
0.8171
0.9201
0.9617
0.9375
0.7153
0.886
0.9108
0.7511
0.964
0.9566
0.8017
0.8292
0.9777
0.9664
0.9331
0.8818
0.8717
0.7227
0.9544
0.8221
0.9935
0.7158
0.4958
0.9507
0.8635
0.9798
0.893
0.9234
0.996
0.9611
0.4639
0.7324
0.9431
0.9931
0.8637
0.8342
0.9912
0.9807
0.9435
0.8656
0.8901
0.6787
0.9041
0.7703
0.6672
0.8466
0.8751
0.9904
0.78
0.8209
0.9162
0.9548
0.7433
0.5014
0.7581
0.8832
0.9367
0.8906
0.9578
0.9349
0.7778
0.8228
0.9548
0.8387
0.9748
0.9831
0.9757
0.9215
0.8089
0.9182
0.9935
0.9406
0.977
0.9931
0.9742
0.5767
0.9516
0.7257
0.8479
0.7885
0.996
0.8667
0.9635
0.9521
0.8345
0.9397
0.8398
0.8609
0.3616
0.9787
0.966
0.9663
0.9394
0.8716
0.8318
0.8806
