0.8309
0.9512
0.9557
0.9349
0.9324
0.9809
0.7165
0.8576
0.9892
0.8934
0.7098
0.9492
0.9532
0.8668
0.988
0.8677
0.9389
0.711
0.5808
0.7603
0.9857
0.9129
0.9683
0.9596
0.6921
0.9997
0.9037
0.9262
0.9218
0.9475
0.9929
0.9992
0.9082
0.9996
0.7269
0.8905
0.9959
0.7877
0.8536
0.9997
0.9649
0.7333
0.9817
0.9904
0.9644
0.9278
0.9643
0.8709
0.9114
0.9488
0.961
0.9996
0.9644
0.7201
0.9885
0.8885
0.8933
0.9538
0.7901
0.9317
0.903
0.6485
0.9623
0.7463
0.968
0.5906
0.6869
0.9937
0.8423
0.9496
0.9151
0.8982
0.9301
0.9733
0.9951
0.9714
0.8511
0.8862
0.7448
0.4622
0.9807
0.8779
0.9996
0.6879
0.8753
0.8065
0.8826
0.9997
0.9969
0.9314
0.9047
0.9657
0.8146
0.9128
0.9465
0.9742
0.9395
0.8128
0.9715
0.8338
0.9702
0.7462
0.8057
0.9658
0.9759
0.8214
0.9902
0.9608
0.9253
0.8609
0.7226
0.9656
0.7468
0.1176
0.9314
0.9997
0.9024
0.8045
0.8067
0.6545
0.7862
0.9992
0.9524
0.8645
0.9543
0.9475
0.8828
0.9988
0.9484
0.9655
0.9807
0.9846
0.4884
0.9418
0.9932
0.9656
0.9031
0.9995
0.9674
0.7802
0.9349
0.9682
0.8437
0.9766
0.9074
0.942
0.7849
0.6725
0.9308
0.939
0.7543
0.9502
0.927
0.8884
0.9718
0.8411
0.6403
0.9854
0.9665
0.9638
0.8429
0.9208
0.9233
0.967
0.6283
0.976
0.8586
0.9747
0.9482
0.9784
0.943
0.8451
0.9554
0.8689
0.8679
0.9062
0.952
0.873
0.912
0.7449
0.2143
0.9736
0.9788
0.9788
0.7562
0.9447
0.9949
0.9944
0.5573
0.7781
0.823
0.9562
0.8775
0.9994
0.9356
0.9859
0.7365
0.9527
0.9031
0.7904
0.8462
0.7239
0.9198
0.9804
0.9972
0.9332
0.9424
0.9281
0.953
0.9653
0.9573
0.2132
0.8379
0.9352
0.6571
0.9119
0.9996
0.9535
0.9574
0.8888
0.888
0.9549
0.8946
0.8534
0.8078
0.8396
0.965
0.794
0.928
0.8535
0.9228
0.9741
0.9786
0.9476
0.8228
0.9993
0.7918
0.9584
0.6975
0.7088
0.9018
0.9649
0.775
0.9522
0.8998
0.8858
0.9997
0.9598
0.9518
0.938
0.9965
0.8996
0.9996
0.6993
0.7844
0.8867
0.9355
0.9673
0.9927
0.9712
0.8978
0.8614
0.954
0.9996
0.9467
0.9512
0.8961
0.9907
0.8451
0.4594
0.9509
0.8551
0.9284
0.8418
0.8436
0.8725
0.9815
0.892
0.9737
0.9247
0.9627
0.9936
0.9676
0.9769
0.97
0.9826
0.9863
0.9806
0.9742
0.9853
0.8362
0.8577
0.781
0.9997
0.6313
0.9298
0.9907
0.7689
0.9313
0.285
0.8056
0.8426
0.9542
0.8771
0.8787
0.9386
0.9893
0.7217
0.9333
0.9214
0.8992
0.8179
0.9275
0.8799
0.9371
0.9903
0.6743
0.9023
0.831
0.9522
0.7253
0.7488
0.9309
0.974
0.783
0.6653
0.9289
0.6783
0.9683
0.8655
0.9201
0.9163
0.9025
0.835
0.8683
0.9696
0.9938
0.8151
0.7946
0.6685
0.9342
0.9
0.7268
0.9519
0.7817
0.807
0.8953
0.9315
0.9345
0.8871
0.9971
0.6751
0.9635
0.9398
0.8726
0.8977
0.7534
0.9481
0.9996
0.9557
0.9778
0.9563
0.9466
0.8335
0.9718
0.9669
0.6045
0.7418
0.9716
0.7243
0.8209
0.6885
0.8524
0.9915
0.9046
0.8429
0.9688
0.9466
0.9242
0.8487
0.9997
0.8337
0.9833
0.734
0.7646
0.8609
0.8975
0.9436
0.5228
0.947
0.7543
0.8491
0.8892
0.8242
0.8874
0.8121
0.9728
0.9047
0.9204
0.9913
0.9042
0.8632
0.8451
0.8911
0.8077
0.5552
0.9599
0.7425
0.7647
0.7148
0.9073
0.7064
0.9561
0.9971
0.8525
0.6757
0.959
0.6498
0.564
0.9657
0.9633
0.8962
0.8359
0.9598
0.8773
0.93
0.6562
0.7765
0.9443
0.9211
0.8289
0.9645
0.8318
0.9997
0.9594
0.9602
0.7151
0.6957
0.4219
0.9996
0.9675
0.9259
0.8676
0.8746
0.9115
0.965
0.6756
0.9509
0.9821
0.9606
0.6913
0.684
0.9941
0.8527
0.8226
0.805
0.9699
0.9671
0.9509
0.9354
0.8789
0.8813
0.9582
0.8268
0.9543
0.9041
0.2183
0.7748
0.1666
0.6974
0.9656
0.968
0.4994
0.9721
0.9648
0.7551
0.7946
0.4745
0.5433
0.906
0.9318
0.9278
0.9188
0.8941
0.9378
0.9014
0.8994
0.9163
0.983
0.8267
0.977
0.6017
0.9113
0.9609
0.9997
0.9432
0.9979
0.8532
0.9889
0.8052
0.9089
0.7838
0.8493
0.3981
0.8547
0.9533
0.9098
0.9505
0.9167
0.9834
0.9269
0.9989
0.9996
0.7587
0.9138
0.9071
0.8526
0.9549
0.9142
0.9986
0.9832
0.7583
0.8387
0.7301
0.9791
0.9036
0.9371
0.9395
0.9996
0.9688
0.9817
0.9283
0.953
0.8713
0.9184
0.9429
0.8029
0.9996
0.8741
0.9506
0.8687
0.9553
0.9234
0.8396
0.9778
0.8401
0.5322
0.9774
0.961
0.887
0.8994
0.9764
0.9447
0.973
0.9461
0.8897
0.9372
0.7467
0.7468
0.9508
0.8272
0.9451
0.8992
0.9878
0.783
0.9328
0.8569
0.8331
0.7909
0.828
0.8255
0.9682
0.9773
0.9288
0.9961
0.9351
0.8954
0.7068
0.9707
0.8384
0.9619
0.9007
0.9167
0.5338
0.9071
0.8404
0.9989
0.9227
0.7899
0.8939
0.7623
0.6653
0.8618
0.9408
0.9376
0.9996
0.7138
0.9636
0.9943
0.8222
0.8481
0.918
0.8938
0.9301
0.9789
0.9938
0.9367
0.9627
0.9799
0.7466
0.8502
0.883
0.8804
0.8242
0.9622
0.5104
0.9686
0.8268
0.9705
0.9766
0.8795
0.9519
0.6953
0.8838
0.8946
0.9419
0.8799
0.9895
0.9196
0.9204
0.9813
0.9844
0.895
0.9924
0.8051
0.9705
0.9739
0.5713
0.8258
0.8928
0.9354
0.7559
0.9671
0.6979
0.8747
0.9726
0.9796
0.9461
0.8724
0.9277
0.8685
0.9608
0.9992
0.9861
0.9496
0.9213
0.7799
0.9408
0.955
0.9549
0.9413
0.7928
0.6334
0.8048
0.8576
0.88
0.828
0.8891
0.9742
0.9732
0.9934
0.9447
0.9228
0.6912
0.8565
0.9423
0.9751
0.4742
0.9544
0.8359
0.4914
0.9049
0.9322
0.9055
0.799
0.8822
0.98
0.9389
0.9144
0.8587
0.9869
0.6972
0.9512
0.954
0.9892
0.9709
0.753
0.8489
0.9052
0.8715
0.9631
0.9838
0.9279
0.771
0.9301
0.8968
0.8744
0.8058
0.9524
0.9633
0.9313
0.9799
0.9045
0.9948
0.9203
0.9893
0.9609
0.8256
0.9494
0.9611
0.8894
0.8037
0.9809
0.7416
0.9941
0.9951
0.9964
0.9381
0.9383
0.9996
0.8648
0.7692
0.944
0.8991
0.855
0.9995
0.9569
0.8888
0.9226
0.9224
0.5729
0.853
0.9258
0.9814
0.8685
0.7762
0.89
0.9379
0.9943
0.8924
0.915
0.9719
0.9783
0.8733
0.5091
0.6533
0.9046
0.8819
0.9459
0.9501
0.885
0.8371
0.7952
0.9979
0.9891
0.9224
0.8827
0.6865
0.8063
0.9447
0.9912
0.9175
0.9683
0.8789
0.9965
0.9469
0.8612
0.9988
0.1531
0.9021
0.8012
0.7984
0.868
0.6673
0.9767
0.9498
0.9819
0.9538
0.9983
0.9049
0.8996
0.9551
0.9873
0.822
0.9693
0.9697
0.9628
0.9572
0.8853
0.9711
0.9544
0.8205
0.8392
0.4414
0.9798
0.8892
0.9199
0.8335
0.8627
0.9804
0.941
0.5714
0.7039
0.9655
0.9804
0.9078
0.9997
0.8306
0.8824
0.8921
0.6323
0.865
0.9553
0.9769
0.5923
0.8849
0.8751
0.9807
0.4901
0.9425
0.9491
0.5658
0.9742
0.991
0.8332
0.5092
0.9061
0.8162
0.9178
0.9652
0.9991
0.8331
0.9406
0.8936
0.9985
0.8925
0.8998
0.8444
0.8724
0.9631
0.9426
0.9621
0.8833
0.8409
0.7326
0.905
0.7953
0.826
0.9995
0.9181
0.932
0.9721
0.9997
0.8137
0.6852
0.9725
0.8536
0.455
0.9784
0.6777
0.9791
0.9887
0.9329
0.9272
0.9852
0.5282
0.9995
0.917
0.7847
0.9271
0.8746
0.9973
0.8941
0.9798
0.8672
0.7821
0.9479
0.7692
0.9963
0.9995
0.9608
0.8944
0.9401
0.7393
0.8856
0.6094
0.8964
0.7534
0.9135
0.9374
0.8832
0.947
0.9447
0.3518
0.9521
0.1149
0.9323
0.7471
0.9695
0.9762
0.9512
0.909
0.8394
0.9341
0.9996
0.8997
0.9589
0.8908
0.8489
0.9511
0.9519
0.7999
0.9994
0.9425
0.9656
0.9494
0.9761
0.9247
0.8936
0.7784
0.9778
0.9276
0.9167
0.8718
0.8997
0.8796
0.9974
0.7771
0.7458
0.9909
0.7312
0.9093
0.9716
0.9495
0.8914
0.9503
0.9499
0.9459
0.8945
0.9311
0.9565
0.8422
0.8831
0.9454
0.9966
0.9827
0.9823
0.7616
0.9545
0.8922
0.9213
0.9236
0.7707
0.9253
0.8445
0.7766
0.9511
0.8777
0.9695
0.8978
0.8888
0.8734
0.9029
0.843
0.845
0.914
0.9428
0.9723
0.9996
0.953
0.7674
0.7668
0.6949
0.7346
0.8718
0.9635
0.957
0.9727
0.8817
0.7794
0.8868
0.8737
0.952
0.7755
0.9996
0.9049
0.9499
0.9273
0.8452
0.8883
0.9703
0.8173
0.6776
0.948
0.9561
0.9603
0.8547
0.9465
0.3267
1.0
0.9998
0.9676
0.966
0.9771
0.925
0.6111
0.8986
0.9154
0.804
0.9884
0.9428
0.6327
0.5897
1.0
0.8774
0.9263
0.8677
0.9639
0.9643
0.884
0.9748
0.9128
0.6588
0.8244
1.0
0.9879
0.9393
0.9804
0.9671
0.9446
0.738
0.8955
0.8481
0.9906
0.9936
0.9602
0.959
0.9845
0.6145
0.9513
0.9672
0.8877
0.9731
0.5819
0.8081
0.8899
0.9026
0.7697
0.9145
0.9758
0.7307
0.6875
0.986
0.9729
0.9057
0.8564
0.9044
0.8057
0.9858
0.5912
0.4349
0.9832
0.894
0.7764
0.996
0.9186
0.7141
0.9139
0.9938
0.8982
0.9013
0.987
0.9788
0.9164
0.9832
0.9779
0.992
0.9899
0.6862
0.9061
0.6033
0.9132
0.4747
0.7219
0.9649
0.9769
0.932
0.8599
0.9846
0.8716
0.8971
0.9586
0.9867
0.3391
0.6913
0.9693
0.7931
0.8683
0.8194
0.8594
0.944
0.8752
0.9909
0.7776
0.804
0.9468
0.9773
0.9386
0.8051
0.5376
0.9626
0.9966
0.6961
0.4828
0.9998
0.8861
0.6394
0.99
0.9671
0.7554
0.9191
0.9461
0.8323
0.8911
0.9955
0.9358
0.9066
0.9728
0.7801
0.8761
0.738
0.73
0.9491
0.6095
0.9324
0.9609
0.8605
0.9997
0.8583
0.8747
0.8288
0.9515
0.92
0.9705
0.9569
0.9464
0.9694
0.9842
0.5647
1.0
0.9537
0.976
0.9319
0.9369
0.978
0.8931
0.8522
0.972
0.9318
0.3025
0.7793
0.8368
0.9389
0.9381
0.914
0.8212
0.9699
0.8095
0.9222
0.8603
0.9743
0.975
0.9941
0.5608
0.9182
0.9424
0.8405
0.4322
0.7356
0.9768
1.0
0.9728
0.7927
0.9977
0.9029
0.9872
0.9106
0.8651
0.9735
0.9819
0.9665
0.9606
0.9567
0.8643
0.792
0.9411
0.8549
0.9326
0.6087
0.9562
0.9927
0.9815
0.9461
0.9768
0.8336
0.9216
0.8712
0.9884
0.8631
0.5208
0.9219
0.8549
0.9689
0.945
0.9085
0.972
0.9328
0.9996
0.9072
0.997
0.9384
0.801
0.9873
0.8895
0.9884
0.9981
0.9063
0.9217
0.9648
1.0
0.66
0.9771
0.9175
0.6207
0.995
0.7489
0.8249
0.8128
0.9854
0.9038
0.2107
0.7632
0.9335
0.9863
0.7777
0.5921
0.9979
0.9654
0.3104
0.7292
0.958
0.8123
0.8174
1.0
0.978
0.9999
0.7093
0.7133
0.6624
0.8785
0.9713
0.9859
0.976
0.7593
0.9492
0.9832
0.9587
0.8043
0.7303
0.9905
0.9448
0.9427
0.9865
0.9435
0.3789
0.8406
0.837
0.9697
0.8124
0.9581
0.9222
1.0
0.9708
0.8381
1.0
0.9776
0.7419
0.8455
0.798
0.7239
0.7552
0.9529
0.989
0.9503
0.9755
0.9935
0.7205
0.8766
0.8841
0.9951
0.8274
0.9962
0.9523
0.8213
1.0
0.9961
0.9869
0.9201
0.9908
0.9936
0.9805
0.9964
0.9905
0.9942
0.978
0.8339
0.7632
0.7507
0.8662
0.5213
0.5526
0.9172
0.9455
0.8731
0.9823
0.9118
0.6457
0.6809
0.8931
0.8499
0.9886
0.9959
0.7845
0.7577
0.9696
0.9705
0.9257
0.8607
0.1776
0.9211
0.9088
0.9355
0.2856
0.9148
0.9871
0.9636
0.9879
1.0
0.8251
0.9998
0.8703
0.8729
0.962
0.9606
0.9482
0.6213
0.9524
0.9329
0.9968
0.6567
0.6542
0.9639
0.8673
0.991
0.9867
0.9596
0.7888
0.9231
0.5066
0.9473
0.9781
0.927
0.994
0.9801
0.8464
0.9088
0.8513
0.6959
0.9374
0.9816
0.9876
0.9758
0.9907
0.8435
0.888
0.8445
0.9689
0.8872
0.9489
0.8721
0.6277
0.906
0.9753
0.7977
0.8924
0.9544
0.6358
0.901
0.9999
0.9798
0.9699
0.9129
0.9138
0.9742
0.9016
0.7718
0.981
0.8602
0.9353
1.0
0.9991
0.9162
0.9671
0.9189
0.9983
0.9971
0.9721
0.989
0.9935
0.766
0.9466
0.8445
0.9937
1.0
0.9791
0.917
0.8926
0.7376
0.7291
0.5997
0.9042
0.9919
0.9047
0.987
0.9892
0.9881
0.9507
0.973
0.9428
0.9377
0.9527
0.897
0.8377
0.9878
0.9999
0.8845
0.9273
0.8562
0.931
0.9898
0.8632
0.8635
0.9851
0.9856
0.9848
0.8756
0.9642
0.9938
0.9432
0.6944
0.9394
0.0996
0.839
0.9794
0.9589
0.9913
0.9802
0.814
0.9192
0.9838
0.976
0.9686
0.8089
0.6783
0.8696
0.6896
0.9821
0.9713
0.9484
0.9826
0.5249
1.0
0.9375
0.8631
0.7654
0.9764
0.807
0.9795
0.9858
0.8364
0.9831
0.932
0.9752
0.9198
0.495
0.9924
0.9048
0.9236
1.0
0.8185
0.9997
0.6897
0.8965
0.9819
0.9446
0.8379
0.9221
0.9425
0.7494
0.8242
0.8118
0.9831
0.9999
0.9618
0.9385
0.914
0.8221
0.9077
0.9414
0.9531
0.8878
0.818
0.6296
0.9663
0.861
0.718
0.9179
0.7123
0.8583
0.9397
0.9185
0.6533
0.9418
0.7253
0.8698
0.8663
0.708
0.9901
0.939
0.9953
0.9849
0.9767
0.8533
0.9822
0.4912
0.9961
0.9122
0.9905
0.7724
0.9006
0.9862
0.7814
0.9324
0.9968
0.8681
0.9129
0.9124
0.9502
0.9875
0.991
0.9108
0.833
0.5347
0.9979
0.977
0.7355
0.9824
0.9372
0.9788
0.9942
0.8701
0.9985
0.431
0.888
0.9092
0.7353
0.9587
0.8934
0.9968
0.7888
0.9986
1.0
0.9663
0.9837
0.9636
0.6281
0.9655
0.9961
0.9925
0.7872
0.9802
0.9411
0.9904
0.9777
0.9853
0.8163
0.9817
0.8386
0.9094
0.8991
0.7946
0.9861
0.9612
0.4888
0.9715
0.947
0.8843
0.6815
0.8876
0.872
0.9628
0.8005
0.6071
0.9366
0.9556
0.9819
0.9546
0.9371
0.8102
0.9411
0.9313
0.9889
0.7781
0.7441
0.9243
0.9705
0.9784
0.9599
0.7459
0.536
0.7983
0.8674
0.9945
0.9637
0.7658
0.9552
0.829
0.8296
0.9544
0.9856
0.8512
0.5518
0.9786
0.9966
0.9418
0.9442
0.8209
0.8385
0.8377
0.7666
0.2909
0.8743
0.9585
0.9999
0.9851
0.9614
0.4871
0.9713
0.9988
0.9269
0.8262
0.6803
0.8485
0.9998
0.6918
0.9979
1.0
0.8926
0.9973
0.9105
0.8507
0.8855
0.7858
0.9708
0.6155
0.9826
0.8517
0.8641
0.851
0.9999
0.9704
0.9578
0.9999
0.8765
0.8943
0.8999
0.9251
0.9574
0.8786
0.8809
0.9123
0.9499
0.9691
0.9135
0.8553
0.6858
0.8973
1.0
0.7416
0.9688
0.9743
0.9702
0.7965
0.7734
0.7632
0.9517
0.829
0.9832
0.9171
0.9708
0.9661
0.9547
0.6909
0.9849
0.8225
0.9939
0.7737
0.8976
0.9836
0.8657
0.9396
0.845
0.9583
0.7487
0.9184
0.9125
0.755
0.9552
0.8534
0.8529
0.9697
0.7524
0.9305
0.9131
0.9289
0.8953
0.9603
0.9633
0.5448
0.9383
0.7479
0.9457
0.8316
0.954
0.976
0.8986
0.9413
0.9313
0.9722
0.9552
0.6288
0.9418
0.9881
0.9915
0.9365
-0.2555
0.9865
0.9162
0.8619
0.9587
0.8998
0.9704
0.9695
0.8562
0.7534
0.9818
0.9795
0.9735
0.9754
0.3252
0.965
0.6831
1.0
0.9547
0.9142
0.9539
0.7861
0.9635
0.8494
0.9775
0.8432
0.8379
0.6343
0.9473
0.8913
0.9557
0.9474
0.921
0.989
0.8167
0.9468
0.5966
0.9407
0.9833
0.946
0.8618
0.9964
0.9736
0.9749
0.884
1.0
1.0
0.9822
0.9352
0.6838
0.8743
0.9543
0.9786
0.903
0.809
0.946
0.795
0.8852
0.9475
0.1873
0.9751
0.8899
0.9956
0.9133
0.8564
1.0
0.9799
0.9544
0.9517
0.9516
0.9545
0.8567
0.7039
0.9742
0.7583
0.9801
0.9154
0.9191
0.8279
0.9173
0.9282
0.8469
0.9795
0.9866
0.8463
0.9701
0.9596
0.9261
0.9841
0.8837
0.8619
0.9853
0.9574
0.8085
0.7096
0.9955
0.7673
0.9161
0.7379
0.9436
0.7479
0.9513
0.9661
0.4897
0.9777
0.8808
0.9402
0.8135
0.9925
0.9127
0.985
0.8289
0.8436
0.8054
0.9851
0.9332
0.9651
0.881
0.8942
0.9067
0.933
0.6452
0.9634
0.9998
0.9328
0.8899
0.8113
0.9984
0.9541
0.8795
0.9706
0.8736
0.8744
0.82
0.9005
0.9059
0.9809
0.7275
0.9711
0.9422
0.9962
0.5452
0.7027
0.6815
0.8254
0.9355
0.9767
0.987
0.9427
0.8083
0.4237
0.844
0.9349
0.8485
0.7849
0.74
0.8843
0.9208
0.8295
0.9636
0.8071
0.8546
0.6833
0.8737
0.971
0.9402
0.9767
0.9021
0.9723
0.9334
0.9989
0.462
0.9003
0.7741
0.7259
0.9847
0.8619
0.9793
0.8424
0.8439
0.8514
0.9104
0.7517
0.9557
0.9399
0.9901
0.9947
0.8377
0.8571
0.9461
0.9866
0.9124
0.9839
0.8851
0.9947
0.8995
0.9221
0.9995
0.9857
0.9879
0.9131
0.9559
0.7215
0.6834
0.8983
0.9213
0.9612
0.6834
0.6535
0.8601
0.8541
0.9375
0.9656
0.947
0.8032
0.9958
0.9529
0.9566
0.8667
0.8527
0.9999
0.9152
0.7348
0.8709
0.513
0.9434
0.9203
0.7001
0.8354
0.9816
0.9968
0.9615
0.9329
0.9906
0.6192
0.9629
0.6825
0.944
0.9735
0.8596
0.8948
0.9824
0.9235
0.5861
0.8742
0.991
0.8858
0.7906
0.9685
0.9787
0.8916
0.5233
0.7051
0.9333
0.9561
0.9701
0.6489
0.9477
0.9518
0.962
0.8607
0.9018
0.9404
0.9908
0.5924
0.9422
0.9847
0.894
0.953
0.9139
0.9704
0.9362
0.99
0.964
0.8925
0.9724
0.8181
0.8027
0.7946
0.7603
0.8771
0.9939
0.9517
0.9852
0.1024
0.9193
0.7902
0.9253
0.5935
0.9442
0.9161
0.5408
0.4058
0.9404
0.9546
0.9557
0.8896
0.9753
0.9685
0.9944
0.8801
0.9605
0.984
0.9712
0.966
0.4783
0.9933
0.9393
0.8167
0.81
0.9284
0.9465
0.9903
0.9714
0.8857
0.9672
0.9939
0.9691
0.978
0.7464
0.9421
0.9721
0.9683
0.8986
0.9646
0.4017
0.7498
0.9639
0.72
0.9383
0.9739
0.9931
0.9463
0.8713
0.977
0.9776
0.9934
0.9113
0.9235
0.8534
0.8821
0.9551
0.9863
0.8386
0.9887
0.8982
0.953
0.8718
0.9775
0.8216
0.968
0.8322
0.9126
0.6902
0.9606
0.955
0.9754
0.9118
0.8931
0.9393
0.9547
0.7593
0.9639
0.9615
0.9701
0.922
0.8569
0.8633
0.8882
0.561
0.9715
0.9833
0.8068
0.9449
0.859
0.9624
0.9014
0.9517
0.8669
0.7794
0.9244
0.7962
0.9389
0.95
0.9222
0.9188
0.8306
0.992
0.8404
0.9894
0.9893
0.923
0.9324
0.963
0.9238
0.9842
0.8942
0.7
0.9923
0.9513
0.9652
0.9365
0.7089
0.8547
0.9631
0.9307
0.8648
0.8968
0.8904
0.5491
0.9952
0.8982
0.9898
0.5912
0.9274
0.9006
0.9645
0.8799
0.8213
0.9615
0.8859
0.9988
0.992
0.9251
0.9277
0.9487
0.9044
0.9377
0.8969
0.8983
0.7845
0.727
0.9896
0.7532
0.8934
0.9688
0.9984
0.8173
0.9429
0.8696
0.471
0.7848
0.7019
0.9333
0.9855
0.9757
0.9964
0.9884
0.98
0.9614
0.9828
0.9765
0.9746
0.9051
0.9673
0.9178
0.8682
0.9663
0.7891
0.9271
0.8762
0.9922
0.9428
0.756
0.5768
0.7271
0.9128
0.8082
0.9894
0.9536
0.9442
0.98
0.7663
0.9348
0.9758
0.9786
0.8602
0.9807
0.8966
0.975
0.8167
0.6778
0.9231
0.9503
0.9463
0.9265
0.9508
0.9626
0.969
0.9942
0.7903
0.5741
0.9852
0.8485
0.9235
0.6208
0.9021
0.9857
0.9876
0.964
0.8559
0.9006
0.9637
0.8368
0.9906
0.9689
0.9587
0.8054
0.9941
0.7145
0.6976
0.8859
0.5268
0.9597
0.9921
0.9066
0.7865
0.9189
0.8849
0.9303
0.7829
0.9073
0.9902
0.992
0.9932
0.9046
0.8705
0.8469
0.9107
0.9553
0.9893
0.8736
0.788
0.9795
0.8464
0.9273
0.9751
0.9202
0.9603
0.9629
0.7931
0.9488
0.4912
0.9875
0.9017
0.9492
0.8226
0.9651
0.9724
0.7518
0.7792
0.8798
0.9324
0.9782
0.9063
0.9637
0.9155
0.9995
0.9727
0.9754
0.9082
0.9168
0.9218
0.8914
0.8114
0.9619
0.9943
0.9302
0.5882
0.9197
0.868
0.9903
0.9743
0.9783
0.9526
0.9541
0.8981
0.931
0.8976
0.8318
0.9401
0.5589
0.5845
0.8864
0.9891
0.9272
0.9217
0.5184
0.819
0.8784
0.9957
0.9828
0.9414
0.9374
0.9438
0.7902
0.9116
0.9696
0.9817
0.883
0.9126
0.7682
0.9457
0.8549
0.916
0.9901
0.8042
0.9204
0.9159
0.9815
0.8608
0.8884
0.4503
0.9796
0.9332
0.7318
0.9573
0.5958
0.9013
0.9596
0.8955
0.9918
0.8861
0.1123
0.9987
0.9614
0.82
0.53
0.9439
0.9944
0.9777
0.9622
0.972
0.7176
0.991
0.8496
0.5602
0.9247
0.9856
0.6512
0.9925
0.8787
0.8228
0.8365
0.92
0.9892
0.9883
0.9543
0.9603
0.9096
0.9828
0.9614
0.9636
0.9304
0.8268
0.8476
0.9918
0.9
0.9782
0.9375
0.9225
0.9076
0.8891
0.7623
0.9925
0.7745
0.9728
0.9208
0.8765
0.7761
0.8689
0.9927
0.9969
0.9808
0.8728
0.9983
0.9314
0.8101
0.9927
0.9257
0.9144
0.7001
0.7958
0.8197
0.9404
0.992
0.8596
0.854
0.8692
0.9048
0.968
0.8373
0.9605
0.966
0.9327
0.8455
0.9619
0.9461
0.4609
0.914
0.8062
0.8777
0.9412
0.9559
0.7401
0.7505
0.9507
0.8787
0.9528
0.9946
0.8045
0.9506
0.8465
0.9426
0.9304
0.9739
0.8374
0.9359
0.9807
0.7828
0.8157
0.9109
0.9881
0.9784
0.7383
0.8389
0.95
0.8849
0.9564
0.9326
0.8901
0.9865
0.6573
0.6069
0.9421
0.9937
0.9855
0.9538
0.9486
0.906
0.9012
0.8717
0.8326
0.979
0.9479
0.9162
0.9003
0.9265
0.9883
0.9025
0.5789
0.8461
0.6669
0.7956
0.8727
0.8047
0.984
0.8951
0.9689
0.8748
0.8909
0.9148
0.9977
0.9935
0.9982
0.8983
0.7056
0.5978
0.9816
0.9461
0.906
0.9594
0.9522
0.8863
0.9876
0.9555
0.9544
0.8633
0.9519
0.9572
0.8038
0.894
0.9434
0.9808
0.9984
0.8377
0.9395
0.5821
0.8225
0.7017
0.9694
0.9945
0.8038
0.8572
0.9661
0.9974
0.7052
0.927
0.9441
0.8738
0.9506
0.9154
0.8635
0.8974
0.7692
0.9021
0.8325
0.8605
0.9478
0.9752
0.9391
0.9934
0.7123
0.945
0.8742
0.9595
0.8382
0.9316
0.9811
0.8419
0.9256
0.8718
0.6048
0.8057
0.9014
0.952
0.9724
0.8387
0.5982
0.8976
0.9603
0.9643
0.8738
0.8413
0.9705
0.8402
0.8827
0.9502
0.985
0.9939
0.8951
0.9487
0.9913
0.8842
0.9144
0.8524
0.9103
0.8807
0.9857
0.8471
0.5316
0.9658
0.8757
0.9007
0.8445
0.9913
0.909
0.9545
0.9189
0.6692
0.9281
0.974
0.9535
0.5634
0.9755
0.1959
0.9054
0.989
0.9585
0.9737
0.9429
0.6986
0.5999
0.8197
0.9567
0.7881
0.4996
0.6922
0.9687
0.9409
0.9046
0.8075
0.657
0.9701
0.9639
0.9918
0.9639
0.5879
0.7947
0.9365
0.8142
0.9894
0.9913
0.872
0.9038
0.8702
0.9861
0.9642
0.8856
0.8256
0.9682
0.9868
0.8049
0.8796
0.9965
0.9448
0.9812
0.9339
0.8585
0.9511
0.9965
0.899
0.6836
0.6336
0.9241
0.7587
0.6433
0.8851
0.9435
0.876
0.9309
0.8492
0.9416
0.6067
0.9994
0.9937
0.8577
0.9566
0.909
0.8785
0.7382
0.9107
0.608
0.4314
0.9614
0.7388
0.935
0.9102
0.9839
0.7171
0.8913
0.9898
0.6199
0.4041
0.9637
0.9299
0.952
0.9842
0.8549
0.8534
0.7671
0.9948
0.8475
0.9135
0.9832
0.9208
0.9237
0.9612
0.9123
0.789
0.9109
0.9584
0.6904
0.7424
0.811
0.673
0.9828
0.9379
0.8456
0.7879
0.9432
0.684
0.9392
0.9746
0.7975
0.3835
0.9782
0.8881
0.9208
0.963
0.5588
0.8013
0.7872
0.7507
0.9524
0.6951
0.8813
0.95
0.9887
0.9029
0.9528
0.8154
0.9849
0.9425
0.9844
0.9764
0.9582
0.9137
0.7987
0.952
0.8521
0.857
0.9336
0.974
0.7035
0.9186
0.9639
0.9795
0.6691
0.9351
0.826
0.9074
0.8324
0.9277
0.9803
0.844
0.5913
0.9498
0.5686
0.9573
0.9747
0.7795
0.8669
0.9302
0.7739
0.9243
0.9934
0.9746
0.9639
0.8439
0.8602
0.9735
0.9484
0.8466
0.879
0.6646
0.884
0.893
0.9291
0.8943
0.9486
0.9495
0.8891
0.8422
0.9471
0.8182
0.8924
0.7499
0.8824
0.9461
0.974
0.9745
0.4607
0.9795
0.8678
0.8854
0.7615
0.8794
0.3649
0.9876
0.9852
0.9672
0.8378
0.7749
0.7069
0.8986
0.8259
0.9353
0.7987
0.9715
0.9951
0.9727
0.9808
0.9524
0.5362
0.8145
0.9156
0.9937
0.7868
0.9669
0.969
0.9464
0.9905
0.8196
0.5583
0.9639
0.6311
0.9724
0.8836
0.8385
0.8935
0.5195
0.9007
0.9752
0.8086
0.8933
0.9181
0.976
0.8381
0.8434
0.8966
0.9105
0.8729
0.9874
0.8722
0.8838
0.9957
0.8433
0.9973
0.8762
0.8562
0.9556
0.9621
0.8907
0.9878
0.8059
0.9228
0.9675
0.9907
0.9657
0.9923
0.9943
0.989
0.6745
0.8642
0.5596
0.7193
0.8705
0.8771
0.7499
0.4513
0.984
0.9599
0.9457
0.9636
0.9662
0.9793
0.9709
0.921
0.907
0.9946
0.933
0.9674
0.7985
0.9929
0.9841
0.9381
0.8239
0.9457
0.9367
0.9782
0.9814
0.8757
0.9477
0.95
0.9916
0.992
0.998
0.9658
0.8954
0.8175
0.9882
0.9754
0.9235
0.9533
0.9065
0.983
0.9558
0.8679
0.7918
0.9003
0.9276
0.9279
0.9852
0.8736
0.9271
0.8823
0.8125
0.9914
0.7486
0.9474
0.9131
0.9481
0.8603
0.777
0.9768
0.9547
0.9752
0.8129
0.9841
0.9069
0.8912
0.9339
0.6523
0.7772
0.9872
0.8342
0.9299
0.935
0.9986
0.9573
0.9002
0.903
0.9897
0.8368
0.9607
0.5317
0.9393
0.9738
0.8304
0.7977
0.8982
0.9672
0.9869
0.9726
0.9183
0.8512
0.9901
0.9857
0.658
0.8729
0.9238
0.8524
0.9456
0.9536
0.8187
0.8759
0.8861
0.9687
0.6977
0.9987
0.9964
0.4864
0.8745
0.9431
0.9454
0.9955
0.831
0.9955
0.9161
0.9953
0.97
0.9415
0.8505
0.9945
0.9821
0.8635
0.9991
0.8737
0.9769
0.9481
0.9196
0.2985
0.777
0.9922
0.9508
0.8264
0.9378
0.9884
0.9287
0.8909
0.8659
0.9044
0.9371
0.8948
0.9011
0.9702
0.9826
0.8696
0.9414
0.8851
0.7809
0.7705
0.9354
0.9741
0.4903
0.9014
0.8811
0.7286
0.8745
0.3041
0.8201
0.8654
0.9694
0.9917
0.8431
0.8769
0.9794
0.8532
0.9948
0.9958
0.929
0.9961
0.8572
0.8336
0.8956
0.5649
0.9713
0.9964
0.9769
0.9832
0.7084
0.8856
0.7294
0.8045
0.9952
0.7453
0.7636
0.9944
0.9144
0.9599
0.7982
0.9209
0.7768
0.858
0.982
0.9691
0.9779
0.9794
0.9968
0.9948
0.8532
0.9967
0.9721
0.949
0.9837
0.9291
0.8906
0.9941
0.8488
0.8369
0.5754
0.9355
0.7749
0.9928
0.7654
0.8132
0.9565
0.9143
0.9755
0.6009
0.9635
0.9116
0.941
0.9613
0.961
0.7889
0.9597
0.9298
0.9807
0.8997
0.9908
0.9227
0.7486
0.9263
0.629
0.8741
0.925
0.9912
0.4373
0.533
0.9422
0.9536
0.9255
0.9961
0.9204
0.991
0.9529
0.8371
0.9275
0.9656
0.9398
0.8989
0.9057
0.9505
0.9888
0.9806
0.9958
0.9331
0.915
0.872
0.482
0.8543
0.8758
0.9357
0.9838
0.9522
0.9708
0.7962
0.988
0.9386
0.9688
0.9758
0.9958
0.8292
0.9968
0.9908
0.9334
0.9416
0.9531
0.6537
0.9552
0.9952
0.9969
0.8308
0.7951
0.9414
0.8711
0.5328
0.9643
0.9867
0.9866
0.7908
0.8517
0.9952
0.9965
0.9887
0.9906
0.9283
0.9797
0.9723
0.7578
0.8839
0.9412
0.9758
0.9006
0.9393
0.9114
0.9664
0.9661
0.9543
0.8339
0.6508
0.9958
0.9922
0.9085
0.9198
0.9361
0.6533
0.4315
0.9527
0.9528
0.9162
0.8984
0.9026
0.9961
0.883
0.986
0.6036
0.8928
0.9956
0.6611
0.9582
0.9725
0.9938
0.9803
0.9164
0.8985
0.8577
0.9793
0.9735
0.9436
0.944
0.837
0.5709
0.9404
0.6829
0.9891
0.8461
0.9723
0.9221
0.8162
0.9958
0.9692
0.9719
0.971
0.9024
0.9779
0.7988
0.9309
0.9946
0.9531
0.9956
0.9957
0.9579
0.9374
0.7503
0.9328
0.9246
0.8203
0.9335
0.9365
0.8988
0.7879
0.5601
0.9028
0.8311
0.7315
0.9343
0.9735
0.9593
0.9262
0.9819
0.8174
0.8139
0.7572
0.9234
0.7397
0.7975
0.9813
0.9471
0.8597
0.9149
0.855
0.6789
0.8457
0.9194
0.9748
0.9908
0.9312
0.7122
0.9346
0.9505
0.9947
0.8963
0.9893
0.8977
0.8796
0.9672
0.9298
0.9779
0.9876
0.9731
0.9125
0.9642
0.9869
0.8696
0.9346
0.9252
0.918
0.9958
0.9515
0.9971
0.8459
0.9961
0.9459
0.9529
0.9246
0.9352
0.9954
0.6294
0.4953
0.878
0.9143
0.884
0.8958
0.9563
0.8601
0.9477
0.9948
0.9956
0.9953
0.9056
0.9047
0.9963
0.9387
0.8024
0.9971
0.9699
0.7671
0.8065
0.9952
0.9771
0.8889
0.7285
0.9292
0.9614
0.9914
0.9794
0.9733
0.989
0.9599
0.995
0.6626
0.9913
0.8821
0.9824
0.9915
0.9646
0.7788
0.9578
0.8798
0.9522
0.9875
0.9688
0.8921
0.9349
0.9411
0.9922
0.8734
0.9584
0.8741
0.9411
0.9694
0.9653
0.9339
0.9966
0.874
0.628
0.6833
0.9482
0.7372
0.9049
0.9489
0.9667
0.7919
0.9707
0.9852
0.9932
0.9154
0.7527
0.9096
0.9777
0.8902
0.8711
0.8939
0.9297
0.8396
0.9917
0.9597
0.7328
0.9785
0.9718
0.8331
0.9714
0.9773
0.9744
0.8957
0.959
0.9293
0.9774
0.9858
0.5055
0.9649
0.9703
0.9911
0.8987
0.9958
0.9811
0.972
0.7754
0.4512
0.6721
0.9481
0.9361
0.9676
0.928
0.9757
0.973
0.9869
0.8506
0.7393
0.9191
0.9957
0.9642
0.9696
0.5111
0.894
0.8617
0.4724
0.9726
0.8331
0.9937
0.9432
0.9653
0.8883
0.96
0.9787
0.9486
0.9833
0.9687
0.796
0.9025
0.9959
0.9179
0.9761
0.8133
0.8034
0.9453
0.9512
0.8995
0.8809
0.973
0.905
0.9325
0.8531
0.9294
0.8746
0.9204
0.873
0.9925
0.9736
0.9597
0.9895
0.9901
0.8327
0.9165
0.9484
0.8352
0.6917
0.9113
0.9778
0.9961
0.9035
0.7555
0.9928
0.9501
0.9553
0.9539
0.9562
0.9312
0.9207
0.9153
0.9419
0.6282
0.9086
0.709
0.965
0.9808
0.9742
0.7846
0.8561
0.7094
0.9204
0.6718
0.9652
0.9517
0.9806
0.8555
0.9957
0.9228
0.8981
0.9858
0.7224
0.7244
0.9952
0.8359
0.8594
0.8884
0.9798
0.941
0.8975
0.9336
0.9958
0.7946
0.8594
0.8482
0.9522
0.9456
0.7267
0.8386
0.9455
0.9617
0.9937
0.949
0.9952
0.817
0.9955
0.936
0.8779
0.764
0.9876
0.3844
0.9922
0.8849
0.9236
0.9902
0.9981
0.7504
0.9368
0.8079
0.9342
0.9872
0.914
0.9625
0.9633
0.989
0.4035
0.9299
0.7696
0.8752
0.8869
0.7193
0.9834
0.987
0.8433
0.8331
0.7473
0.9033
0.9837
0.984
0.991
0.9818
0.9689
0.9804
0.9954
0.9284
0.7467
0.9585
0.8661
0.9146
0.9952
0.8511
0.8864
0.9197
0.9958
0.6028
0.9154
0.9755
0.9835
0.8678
0.9953
0.9475
0.9899
0.628
0.7484
0.9746
0.837
0.9751
0.636
0.9517
0.9456
0.757
0.8986
0.8355
0.98
0.9611
0.9417
0.9257
0.9055
0.9055
0.9755
0.9405
0.9786
0.9757
0.9999
0.9821
0.9876
0.8951
0.9754
0.9958
0.988
0.7898
0.7705
0.9757
0.9711
0.9399
0.9316
0.9533
0.906
0.995
0.8562
0.9347
0.8392
0.8203
0.9916
0.9412
0.7423
0.9566
0.9899
0.8733
0.8906
0.9394
0.8045
0.9442
0.9507
0.9813
0.8096
0.9469
0.9413
0.9791
0.9348
0.7881
0.6739
0.9995
0.9958
0.8887
0.8852
0.792
0.8394
0.9306
0.8585
0.9799
0.9568
0.9517
0.8866
0.8174
0.9658
0.8753
0.9552
0.9956
0.899
0.9114
0.8482
0.9854
0.8923
0.9439
0.3977
0.5979
0.8497
0.9803
0.7289
0.9798
0.9365
0.9864
0.9361
0.9997
0.89
0.8188
0.4682
0.8669
0.9761
0.9648
0.5995
0.8524
0.9773
0.9941
0.9309
0.7578
0.9833
0.9725
0.9369
0.9999
0.8577
0.9659
0.8309
0.9955
0.971
0.8696
0.9952
0.9738
0.9421
0.9941
0.7696
0.8136
0.8735
0.72
0.5472
0.9949
0.8826
0.9804
0.9865
0.9523
0.9597
0.9757
0.959
0.9797
0.9489
0.946
0.9955
0.5954
0.9739
0.9419
0.9924
0.829
0.951
0.9612
0.7503
0.9961
0.728
0.8622
0.95
0.9857
0.897
0.9555
0.9383
0.9837
0.9971
0.2565
0.9971
0.5648
0.9187
0.6373
0.9004
0.8819
0.9824
0.8965
0.9961
0.9584
0.7086
0.7218
0.925
0.7861
0.9841
0.7485
0.7669
0.9829
0.9231
0.9674
0.8781
0.9975
0.861
0.9689
0.9522
0.8583
0.8517
0.6592
0.9738
0.926
0.9179
0.9922
0.8094
0.9822
0.8115
0.9059
0.6834
0.9881
0.8831
0.5718
0.8969
0.9284
0.978
0.9792
0.9407
1.0
0.9
0.9814
0.7894
0.9817
0.9451
0.9923
0.9957
0.9891
0.9894
0.788
0.8572
0.9954
0.9537
0.8961
0.9453
0.9122
0.8778
0.9951
0.8964
0.9618
0.9162
0.8388
0.8663
0.8924
0.8475
0.9957
0.9436
0.9605
0.9833
0.5761
0.9147
0.9783
0.9711
0.9938
0.8283
0.9111
0.764
0.9955
0.89
0.8392
0.9279
0.9958
0.9847
0.8491
0.8506
0.9579
0.9241
0.8512
0.979
0.9961
0.9928
0.8919
0.9586
0.9891
0.8248
0.9957
0.9842
0.9599
0.9267
0.7705
0.98
0.9944
0.9722
0.9279
0.5985
0.8451
0.8699
0.9958
0.6573
0.9854
0.9972
0.7069
0.9198
0.9798
0.3345
0.9992
0.8433
0.8901
0.9924
0.8274
0.9449
0.9074
0.9599
0.9088
0.9946
0.9697
0.9703
0.9257
0.8914
0.9301
0.9479
0.9957
0.907
0.8216
0.8533
0.8717
0.1587
0.9342
0.9382
0.9953
0.7102
0.9971
0.582
0.977
0.9247
0.5563
0.9615
0.9793
0.9726
0.7166
0.5176
0.8854
0.41
0.9785
0.9427
0.9745
0.9941
0.9412
0.8948
0.9371
0.9538
0.9187
0.9649
0.9569
0.9875
0.8876
0.9788
0.9709
0.9508
0.8975
0.9203
0.7397
0.9612
0.9097
0.996
0.8574
0.8024
0.9508
0.8798
0.9911
0.9018
0.9413
0.9965
0.9885
0.4985
0.8612
0.945
0.9961
0.8639
0.853
0.9962
0.9891
0.9708
0.866
0.8996
0.724
0.9262
0.8546
0.7181
0.9159
0.8783
0.9958
0.7838
0.9919
0.948
0.9648
0.8207
0.9185
0.7981
0.9866
0.9391
0.9202
0.9746
0.9988
0.7916
0.8576
0.9585
0.8471
0.9757
0.9886
0.9783
0.9318
0.9357
0.9472
0.9957
0.9979
0.9935
0.9961
0.9857
0.7289
0.9892
0.8341
0.8945
0.854
0.9965
0.8671
0.9672
0.9523
0.9896
0.9981
0.9392
0.8626
0.3997
0.9797
0.9759
0.9978
0.9483
0.8761
0.8375
0.8851
