0.9383420742930013
0.7686545263460002
0.948598068724955
0.407401473046461
0.8626486670289994
0.6685243966036134
0.4884068540758961
0.8069876391538237
0.5181564137298954
0.748206047179658
0.6363158554874846
0.8842917507814247
0.669835698366989
0.6839234883022752
0.8228894410810466
0.9302457071743029
0.7903657837732038
0.7640667895755098
0.9558391235684568
0.4221050367975909
0.8971163108793091
0.6960525198709526
0.8171260831940846
0.6008736168306041
0.4181947418506349
0.8859513102711658
0.8660231286133628
0.6346309131737565
0.40957459949773417
0.7850267017190535
0.8553380170599646
0.11187098847568462
0.9234550432716305
0.626671691146098
0.8188395817589428
0.5501933976307608
0.8317857270479145
0.9004346640934722
0.4512263632935873
0.8579024528006365
0.730423249629365
0.6092940945865826
0.8187397669974382
0.5905199424748225
0.6135665838607777
0.5792454220996236
0.5541116577934901
0.6206422815846161
0.4156556715808637
0.7620248778288581
0.892186963124428
0.6389045360094776
0.6851021337149558
0.8968735780852498
0.8511182834260924
0.8108295471428174
0.5241265555677296
0.5661312516350157
0.961170713778535
0.45389611797122364
0.9170695701365119
0.8649284285210601
0.7366340095238139
0.71089821219482
0.7099991027207208
0.8974807264229386
0.42821617356542274
0.5641805157973512
0.6795420892640796
0.373589759390985
0.8632711483718868
0.8179658065731572
0.7635287831790283
0.8272369776735288
0.9281009855773193
0.8035059054680062
0.8590856700846466
0.6284187340083301
0.9596293328075204
0.5810380728497105
0.7472130018254676
0.8776068131867197
0.3978477717110448
0.8647232892969521
0.9154106537248425
0.4286675295199668
0.8426987084745663
0.7574486860316713
0.922279848972849
0.28029090998770356
0.6631685260651349
0.7577189147480142
0.8670121495134648
0.6934368464557665
0.6802977185245759
0.9530867213941902
0.12417087422247912
0.7204857108555359
0.7682079518635266
0.955997033036838
0.7833844020376722
0.6249372615467464
0.6932373165016116
0.863676960020033
0.45337399533539663
0.24884482676905736
0.6635394544537413
0.5266956542185613
0.8154249444570206
0.5863126111867788
0.8202159176207265
0.9467206366173836
0.6219125783185198
0.6176769497853414
0.6877569151725214
0.6583778282298576
0.9600928071426593
0.8459404457993198
0.7277006051621968
0.8956063795190103
0.5968343599477197
0.5075519909960822
0.8225149928410831
0.9264755043747268
0.528783482332001
0.7452096412965382
0.8009580156437819
0.8837406904344044
0.7481038506960018
0.861115291172011
0.5668399431892103
0.797860602931048
0.7498346007350104
0.5654379942261524
0.764114600350701
0.8502683817221994
0.7048166463619796
0.7202451658969038
0.6014613750597602
0.8870322900936463
0.5498660295385601
0.8940912128382813
0.8088906726131839
0.2647030777650689
0.8804950394031369
0.6098097942625644
0.5107247193523569
0.7228844807360837
0.8364877374054213
0.6357794954225925
0.7141529977191984
0.7985305632719693
0.6686773687845751
0.5962338785180473
0.9850754219901909
0.838658836975753
0.8262335205177803
0.7302184016002508
0.7101181525405182
0.7947930085952726
0.7385626957020891
0.5377720511481049
0.6815343695319469
0.754516253653421
0.8072017374198618
0.7331963676408406
0.8556054366132672
0.9061649709678883
0.7433294767153251
0.7159111576932635
0.9048548089801051
0.861513930989225
0.9262525835600365
0.5760156516084286
-0.18156963289983552
0.8799529188293845
0.8777105564509098
0.7309062148585359
0.9216054837454636
0.6518053351876524
0.6443473702147774
0.6366620070769122
0.8227412770795886
0.7630752566790163
0.8684264776577456
0.3467171740544127
0.9105122130844155
0.952401504251759
0.7653550093674807
0.9397137070927084
0.8206466466162397
0.7667205679568865
0.6497544664330249
0.8834934805583651
0.7611953162639649
0.43713512168776786
0.8092740368621562
0.7618030754504694
0.8600374607375822
0.8359287755931155
0.3676200658654688
0.7463387950637387
0.8353988833055216
0.7929618694320659
0.6237129403699774
0.6340566585253177
0.7373527121532993
0.8032899839608245
0.41641166843422306
0.8120940315151921
0.5854351246944363
0.6920845186868707
0.8329667578346724
0.6579822555877984
0.8159457555623204
0.7144395565835285
0.8082632612824384
0.7845199391950106
0.678374396105672
0.853923859337237
0.7771163873277273
0.8000469400878275
0.7687807473803762
0.23278172179565926
0.6358594049221078
0.8575481097038127
0.9125552856816942
0.6940206287331786
0.8930095454011135
0.39207891887980273
0.7778913568733529
0.9418013039258909
0.9299222421076584
0.8138750061345645
0.5138585936940406
0.944320101285943
0.8670462797573644
0.7563035731802922
0.18806231604171628
0.7944270266047215
0.6964375556423206
0.8390158445672723
0.7350734770703914
0.9687540674995312
0.961727570576686
0.6361581553517273
0.8590768400569538
0.8202125940447176
0.8369421167568445
0.323211909516472
0.7554960744143561
0.35818179432695435
0.7185566208684416
0.45381790451979015
0.8257330452316326
0.6777353082553064
0.9245759040035443
0.7817524060420712
0.3056542638343323
0.9206878586957797
0.7814809874135716
0.7907278941842346
0.8033713295696395
0.8627107291607433
0.837982142342281
0.7508905193152122
0.9226879801307106
0.8231322969988749
0.6832206802125872
0.6763233437333683
0.6013782189770189
0.8075410449393887
0.9404917052906399
0.6622964803301038
0.8072807319693261
0.8934489380094531
0.6334484632265898
0.8536030521552643
0.5718160178695794
0.8624842556359027
0.9846406728619822
0.566696566061508
0.4852030430979
0.668670012220164
0.9624934334430358
0.5453375276830336
0.787007890860045
0.9542681165220588
0.16520478073759906
0.7853339505972206
0.8302412160348253
0.6279081882672976
0.36535194841456076
0.7984179307755654
0.8014937753820538
0.5730534623421447
0.7327037565382583
0.7177336987765677
0.9769371659835168
0.8845735902260146
0.6152221736024743
0.6758278897686011
0.707753965159501
0.7472749013657446
0.4739853220526949
0.8875850585506576
0.4172482073058653
0.8394671244971774
0.7009474531174373
0.7074102306676543
0.61060579644683
0.9240439262763611
0.5993076187132749
0.668660310750846
0.8551600634874591
0.7813994413231807
0.8482324998909916
0.9498097305155633
0.8696316464809817
0.5438009450021798
0.5785436887819149
0.590981488147966
0.6459704332075196
0.6418923633450335
0.851572020829918
0.881596675381925
0.847660890517247
0.48166809541958194
0.8412931559409776
0.5459845090165864
0.8567780460088772
0.5666209008802217
0.8936057687439675
0.6497521646612366
0.7635842421096107
0.48957311169989226
0.8689365482117182
0.8312086512281279
0.8431903294448023
0.8528821192136838
0.455947047259603
0.8517180068661375
0.6089329665899615
0.8689402224842302
0.5893385646983842
0.5883162547585348
0.8569056232642367
0.8763521126966771
0.7590728183585472
0.6102811012912919
0.7993910275961442
0.7678058662389579
0.7082934813767662
0.47873316131693167
0.7516370151378982
0.9522745473671747
0.8391689583375412
0.7728821912709835
0.8137828719323155
0.926810834920849
0.8447665329298016
0.5527399559711391
0.5762214450177668
0.6193181966728539
0.6201640002629115
0.9271262525502313
0.8925560121237768
0.7591617953897504
0.6350982455391633
0.5116927043008488
0.7494775116379411
0.4551683630285343
0.9445395951348996
0.600689958420303
0.7400819380015132
0.7079085831822358
0.9416216971067992
0.5679290265563274
0.5958793155039432
0.8621650781249002
0.8881933276062485
0.774270013154963
0.8429359481291402
0.6881202414970489
0.5929213459749164
0.9188582522893205
0.4416238627320248
0.5289140998848475
0.8554367822287887
0.876987305046571
0.49171350426584365
0.7461989626907084
0.755879984520652
0.5170332584266869
0.6425438477973064
0.7876286858026109
0.7720848671881233
0.6316884654723773
0.6029677937591228
0.7784726935922696
0.9077237627699295
0.6805134721480944
0.5955282408867811
0.7014672333525165
0.2879978025253521
0.8740333872067044
0.8824425015285245
0.8790922763686715
0.8451629208129904
0.35065926910562156
0.6627515828865335
0.8518943682150716
0.6366615027572349
0.8547748849579812
0.18346214433332064
0.7867299888309609
0.5730455626037259
0.7918239934352733
0.8569075487828529
0.5435842414659128
0.6763881439911874
0.8934190067140959
0.7234985252676381
0.7719227691187815
0.7042316255685458
0.8989928510873761
0.5761148468352881
0.7421283711597658
0.796916026176451
0.4345445340106848
0.7708813516528225
0.8264131128066657
0.8874083730126496
0.7624797056057515
0.5801488471790669
0.6379408185519533
0.8101018787576213
0.5806789459889868
0.27430729664373094
0.7631026578311854
0.7247064886324616
0.9126455430892414
0.7859978015629976
0.26044213275059774
0.8315991688214156
0.5337946019593351
0.9664161436030609
0.887373763783178
0.7312066625700797
0.4621927290398793
0.7968247748322514
0.804095023662263
0.5407406363595956
0.7684519607390692
0.7802681287204338
0.8256487867580876
0.6089006991374144
0.865932765430114
0.5904188734752422
0.7363487376126749
0.5820857736647552
0.8619835570064711
0.7693449710028888
0.6702586656724964
0.5683825957196194
0.7439777159075336
0.8591744087070885
0.720002498199103
0.5955340396127274
0.8656565266814428
0.7884450413156545
0.647370083747848
0.9444254490713212
0.9628634139023943
0.5819445436163124
0.9384412370504882
0.7875060861845843
0.8291011335350943
0.7434343846683633
0.9264653647194334
0.5049315077751144
0.7756347185272678
0.7623511300742688
0.6084721876418466
0.7872463790889429
0.6995662962878708
0.9354436397127509
0.7136609756831235
0.7283672793394759
0.7676726108777706
0.7190942011332372
0.7513296781990962
0.9897926331467269
0.8847775268709727
0.8776449880376349
0.790800158662582
0.9540903347577859
0.8323278988445504
0.4905041323851837
0.5983568498323457
0.7023940650429141
0.24800241723940772
0.7436324361492367
0.9012201756104431
0.6895441845759096
0.7152227778324918
0.9255036967359772
0.8104490055418098
0.6699171361197804
0.8416791623356507
0.7124339817947296
0.7843092722892132
0.9085054779126449
0.9656731163517268
0.644804364283085
0.6643357698149922
0.7262460863891999
0.8832485715547914
0.7547965793651468
0.8645291087335963
0.6149744986704848
0.9442186716451225
0.5732707081401226
0.7164633806756555
0.7650259738438946
0.8660649867137207
0.8019021315793655
0.6449071902630406
0.6404213368569605
0.914707236999984
0.8145688232224554
0.8105392626596098
0.7675292031434592
0.8602350199203639
0.6457123184081633
0.7663963316404796
0.7344071224322313
0.8913012627936394
0.5387188926096134
0.770165981105804
0.9744957814311569
0.839498215719866
0.5772041086843361
0.8989961829388547
0.32427141163258844
0.9297783250343754
0.5049782200776634
0.6516205064406514
0.7656870092116153
0.479319479820308
0.9153364717471559
0.8474408129030702
0.8254460022619897
0.8251312470165201
0.9357294991642098
0.945856547711595
0.6876781718295981
0.9110272934121688
0.750384082141831
0.9498592820420578
0.7899354582248667
0.802991339536939
0.6590368577343056
0.5112041460405986
0.9505589559799819
0.8873324136565748
0.6069210069685362
0.7250235058109603
0.4924556268219142
0.5725395649831626
0.7143795433001021
0.9619389527270117
0.8568358206899107
0.7640247816305363
0.782013152658164
0.6446943556073322
0.6871109980606298
0.8765421267270148
0.6388910168163389
0.4477723581425187
0.7971159479191212
0.7201384764197539
0.8343214891324109
0.8051219120659653
0.35076286384499894
0.8150233380736321
0.6985977800568717
0.6975152825788404
0.35336228199137243
0.4918999349159344
0.8424738020348371
0.6952155950718079
0.8102017700107261
0.7607566649741984
0.7112999469415169
0.5933588495053282
0.9906796758973209
0.7170886173394737
0.6866802758177897
0.47553416282555855
0.754619822786068
0.7409053240985977
0.9367224140979012
0.6420861022606262
0.4007338928573863
0.9829942251007613
0.8912785520169773
0.804093133178205
0.6609493983698991
0.6038876215893678
0.8661102397534786
0.6305635733139555
0.8114718525218655
0.7480890337805998
0.41789975795257644
0.6751451874629583
0.6146018513647282
0.8716610807695625
0.8864222452853766
0.9297343631513374
0.8614088452688812
0.8967593425638122
0.817299033272065
0.5537757644037641
0.7577707095838827
0.898497287617821
0.8177879842517454
0.3510602343409706
0.8812446017848719
0.5077725891259898
0.8770086903394589
0.8768814899625824
0.9685859765760715
0.8590556842883073
0.7954636262935402
0.8474837267875653
0.5107472685745047
0.9142261573381938
0.9079059381831327
0.7738136369597775
0.781547008530508
0.6812793299534224
0.8455028683329354
0.4471008512443894
0.7395902012044726
0.6850189280757353
0.7837119705931098
0.7276203741821707
0.9583388947132344
0.4257989416655217
0.7020254685254438
0.7296387817638691
0.5226601506729844
0.7231290393176093
0.9917372182162584
0.7092991262434789
0.8921422665259492
0.7838987392690534
0.48105175289382923
0.780473192690315
0.5260802962120291
0.6812199275172619
0.6236508102905223
0.6487529610550097
0.6905475632228495
0.671288291737729
0.7643232452412313
0.6932420325266184
0.4704181699793352
0.9155492963310858
0.9282111122172643
0.7233305857528302
0.5461453854169721
0.5601377596466077
0.5915728194073305
0.5132264272418198
0.869568674335616
0.6812570340130616
0.7158565321483008
0.8210965712528595
0.6476066031097414
0.8869905694765859
0.8716582104319165
0.7867788294132774
0.8617501997293102
0.7470648459588494
0.7796400855105922
0.5949782218219005
0.9266091964356683
0.6629291769410506
0.5814289107218216
0.2143378204653599
0.7211916942831708
0.7480859543537487
0.5881429469933828
0.6352910353824395
0.2142778605342412
0.8273809265383057
0.8853495631541675
0.8389779881192135
0.8864700349880263
0.551684083952634
0.5391458838245851
0.8507828818532264
0.8450209834248615
0.8031219966056665
0.7160540080544627
0.8732014885525271
0.8301766717295219
0.7967900200665562
0.882828662573525
0.42082549408462383
0.8710001624022393
0.7607915389063459
0.7880427707752522
-0.09920484545652546
0.5820127423607878
0.6797120323125246
0.6821240144093067
0.6681581052445721
0.6693895751093749
0.3841979374756049
0.5666663075778757
0.8815017872022053
0.6053391105753367
0.5485569700384918
0.49874248548190764
0.6833167422898285
0.5261421323036184
0.5418862146650467
0.7776573834840549
0.8868953522049038
0.7033114168115322
0.5553995694155832
0.32133964721351266
0.8042323180570277
0.40243222962149616
0.5712368747501068
0.9243521047619764
0.8691026168580417
0.8070244758905387
0.8361957740410588
0.8184807032852549
0.688501565102568
0.6275862250266377
0.9476312111478439
0.8928514548858744
0.753323453877296
0.6963097321806587
0.8009742357660058
0.7262437806397573
0.5016940649839835
0.3238911402991487
0.8618703684162066
0.8586937374720132
0.8361630691616913
0.7476711033496537
0.5891521303701982
0.9429328748249118
0.9329836422536782
0.2901980863820302
0.9034975348570834
0.6722714625236981
0.7863675478837184
0.7410617878651182
0.9181128024348488
0.858729911234628
0.6491355370296876
0.8225124263372801
0.0828160274199454
0.8193480794084758
0.3252637471661452
0.7878620096806108
0.7424920354509008
0.8706986649172582
0.8475051852700991
0.7841865940806829
0.8764978374449011
0.4294986597855382
0.804772415248029
0.6065830916390266
0.7818902060127939
0.8035005797798477
0.5079904586931573
0.6771143484692425
0.9060496280507799
0.8638535744462043
0.8953865081776307
0.8086332864115778
0.4685136406407096
0.3973864282193036
0.776353432697143
0.485371694048806
0.8348323548963943
0.5993410031238899
0.8439399360624631
0.6916270372008775
0.6959117334543137
0.09258011759794095
0.6648403988454473
0.868990791244983
0.9514828200393991
0.8100868667727263
0.5935360428144698
-0.18764899370246207
0.7283140007641159
0.8052545799815927
0.818816832527301
0.7895917103995688
0.6963697626127082
0.6727628424988344
0.707776101526117
0.9216752883538986
0.7327089816833781
0.8062217512653862
0.8642003167156481
0.8152033512019086
0.47614064697678066
0.5623957776486367
0.8124840487390824
0.7305263967527484
0.6575950924598744
0.5614193583023366
0.7434261272704592
0.5866675922414842
0.7983486637490766
0.931229750242753
0.8347392025943425
0.8090547184663428
0.6490954649076167
0.8068515571035852
0.8669342071897627
0.9655565747956322
0.8597996658843403
0.7643175534531802
0.8509933582388779
0.6505357836069876
0.2818800151441805
0.7696574719331652
0.8947904278890619
0.8716274210823324
0.8547950491484753
0.8877321749990683
0.7236175915196875
0.9585817453115127
0.8701968296306725
0.530655085657595
0.9711936535998733
0.508646578180487
0.6792345833385695
0.4249751565965286
0.8151493329853211
0.9381419079668101
0.7306819130147826
0.7001939607270528
0.5110215528938126
0.8690674601807736
0.6430846832311964
0.7998479620287405
0.9550473900859265
0.4588380830049501
0.7146330939562168
0.7673535587841558
0.866393668179562
0.5797291656765783
0.8705008477826931
0.922768615082099
0.7386157658473361
0.560175197484303
0.3977113646100146
0.8848846037319641
0.7085426100707747
0.9422566557241039
0.8078446149017353
0.4898658384495239
0.7437380031022094
0.6660538158271571
0.7636762912940115
0.9658409114093375
0.8630179505470804
0.8394842804294624
0.8400848744995864
0.4792736419268389
0.9885555727889341
0.6190254556057967
0.6079191167353651
0.7524898306774729
0.7824211126902993
0.8716411117407261
0.8468657769709869
0.8864932454498443
0.9220256519640747
0.7861292995593445
0.5701813359930493
0.6712331636971284
0.8769092674747071
0.786918762802467
0.8936403701041332
0.5416343996018762
0.7791761547896214
0.8943467819463206
0.7850125807528735
0.25701901294646734
0.7644846710164438
0.7281320955566171
0.75680648350451
0.565215821285775
0.48539328626889516
0.7565386964595501
0.7632463976509807
0.7692559356457664
0.6565613925090962
0.7701277348575241
0.8281562025018125
0.7414945330102022
0.8378650527753388
0.8236172960778304
0.90692462646627
0.518272909968403
0.7423560814276078
0.5599138340302375
0.6221438352823062
0.8089201426571428
0.7808330555022579
0.3417675581248891
0.8544097244200612
0.8092327493518158
0.7632817004539707
0.7101918478739859
0.6468805209716888
0.8878551804362763
0.5784910050753409
0.7083693280237624
0.9666582263450544
0.7876358558312926
0.5633476114631143
0.6208507220025394
0.8566229764332625
0.8537673732741359
0.599344504881949
0.7319392845508568
0.7405911233496407
0.8356161321369622
0.9218483283521334
0.7785698441721978
0.7806084858162496
0.9235695935158469
0.5556417206368726
0.9482778511879186
0.6955376166364599
0.8588116746516521
0.775597426349592
0.8859728706786082
0.7572389199545164
0.730333166562363
0.8421335358669017
0.7262314827765998
0.8093811844744786
0.62986544739385
0.5460207521117609
0.5674291404823488
0.11826665948820098
0.7916260727631198
0.6693083871340271
0.7924436097485662
0.9583211291993072
0.9085077402729009
0.8223339299546779
0.7500749291801606
0.8244419596216968
0.6043132235296331
0.8857913692889673
0.6944398484935022
0.4583156169616639
0.7829177906242519
0.6093943418796444
0.7832466308560625
0.3139832961383187
0.478100691103053
0.9374317340650998
0.7291289881026111
0.5756286156845755
0.8782787411452421
0.8034882224530195
0.7085005554309637
0.5835919643089776
0.7158377943296647
0.6666009751898959
0.8730792075565882
0.670453174644924
0.903534471930532
0.7264825639608725
0.8076739150146858
0.8689883622352297
0.8816165869208066
0.7699675908653882
0.32892578269413114
0.7008100676322214
0.4120682271859119
0.9403304645963051
0.9653499752840663
0.8440988228884985
0.7927385470313589
0.7249693909393146
0.6984516193559093
0.6933198870321079
0.9477175163375103
0.7565260002026536
0.7403337570025805
0.4982520208742231
0.8210957003041868
0.7758869344258754
0.7407462959945099
0.7643707066965235
0.730531641583428
0.7581552102555998
0.8294329844296625
0.5129171933955201
0.6249779755881418
0.8717723083405555
0.7226898311888246
0.761002187119054
0.7808001899908634
0.9301008630515014
0.8325254278055763
0.6172659956991995
0.6731113352049115
0.75857296183354
0.5893609660662424
0.7865366216095563
0.525242789970383
0.7099622072599512
0.7744275135300838
0.5631764021451184
0.7358805766338709
0.7787299151656143
0.7714367250865278
0.5880796803426169
0.8523693385804706
0.7575355696411835
0.7622718067368816
0.8013378191447501
0.5523069041073443
0.8509112000330323
0.7761598382034353
0.6778315432637969
0.9104321878102017
0.45404947543370716
0.81793517532332
0.6489769161529786
0.3663462532961966
0.8765046518533632
0.7553485064375741
0.5490985482872683
0.7418695015343753
0.6181629567928077
0.6281420199648764
0.7661545787890781
0.6654282321149324
0.4987704948572606
0.9066692231340635
0.6313076291324624
0.6352233322650405
0.8729850210466324
0.7618221306714683
0.6944848980726435
0.9526104195024212
0.6844379196965793
0.901035717516435
0.6804611870566286
0.896674510428746
0.8644666419112643
0.4727336505648107
0.2792556780312694
0.8735128834298325
0.5981631226144392
0.2596126615555123
0.6595932649102377
0.87383632624505
0.4021377217064719
0.7877226429378964
0.8587158614324878
0.7984206162719398
0.5676119111939287
0.9053683389003976
0.8161974216578067
0.5002641400703978
0.5561842104121795
0.8968351116936648
0.8615048150681609
0.360994032547341
0.7599333991066183
0.6677565967222491
0.969818018497699
0.7565371582497821
0.6292813316137565
0.3624340543047743
0.9152053203513265
0.5100941880671772
0.7451854327418428
0.4561788540799046
0.8142672604231243
0.8469948092980727
0.6076266665209059
0.6032205233828704
0.48468553834877354
0.6835746004913983
0.6086766163308139
0.48323403175102836
0.8557818890823016
0.4191833512502924
0.8712580275578022
0.8882472768008557
0.646799049090846
0.8052605380107173
0.49651626044343017
0.5248755226969486
0.6732616601491478
0.6552149392223151
0.9694101537801948
0.7336970232616422
0.7064050152630794
0.8371083840877848
0.7185651620004082
0.929823779133505
0.851827751108565
0.7060523131224009
0.7554528807650598
0.7019917501372354
0.8228492510275321
0.9237891315642338
0.7460906496679576
0.7214425050603307
0.8731502395571347
0.6676233629042893
0.585035087454591
0.6751489579739076
0.8542594749849062
0.6194213387393095
0.8349206354901731
0.8370951224529379
0.935118605556581
0.8200385844791332
0.941018303975379
0.5082754607516253
0.5296765579439335
0.7714992844495846
0.6905652855163035
0.6793601313982465
0.25360876875066773
0.9358176228873919
0.8765173755525903
0.8271279792081632
0.4649058000913294
0.34448799485930875
0.7250387951275147
0.8575551668828929
0.47075657310820374
0.9183331593408904
0.7123177036907534
0.8219485434110954
0.4476221991427095
0.6744577323146933
0.7750521937902048
0.6824983232620189
0.8847129790072402
0.661591681680353
0.9297349751061597
0.7384025708659883
0.7622718067368816
0.623371594559077
0.8445455184300317
0.8785739783495241
0.8686032257683337
0.8185047201312449
0.8899937720503428
0.8242460704891975
0.7166814445921558
0.7829942419231779
0.2544188264971808
0.6060847683376066
0.636230395091682
0.7585578712915487
0.8733362541057086
0.8208574946251053
0.7940977507109748
0.7270117042781908
0.9442800161696969
0.5312639235318793
0.774253398932203
0.7799250577867417
0.7843690260120183
0.7451399436459042
0.7842081636737479
0.8368600092646865
0.7030580696630112
0.5248311633822591
0.7629773508994183
0.827315465774514
0.8865423323875589
0.6704997747004892
0.9647310982676547
0.8735128834298325
0.7638892333332189
0.7790250966802967
0.9487074494000519
0.860350197077188
0.9146334783105752
0.6626001870890668
0.5730761961445631
0.8695032050029802
0.716955278821465
0.8246070544692489
0.9357103470784299
0.7780259846792765
0.663905853117153
0.9178462553773212
0.793733508576461
0.8733678388350102
0.7343386737480486
0.30557950275429907
0.4702340019829594
0.5382416918851284
0.6483431128044088
0.8242927561977762
0.8181853556128811
0.8632230786473873
0.917026582642369
0.7966173607113624
0.5949285416761937
0.7195238544032886
0.5459770096938661
0.7997788202541481
0.9375357133363886
0.8790944656748882
0.7668672498141679
0.5181396606299394
0.8648733412773896
0.9186847881781511
0.739930630155006
0.6488317936086252
0.9462581008872251
0.7282038589411368
0.8373817453629822
0.7819964371267559
0.9364650131568246
0.7270117042781908
0.6735952859741972
0.9763898124365794
0.9610764000047852
0.9105376640008103
0.8260885227819654
0.9029050883274441
0.9073105103968857
0.860620050142964
0.3634928808338046
0.8865423323875589
0.6099858411953879
0.9539371602946527
0.19680721415825664
0.9517653066775215
0.7622718067368816
0.6145623080881122
0.4693991313379994
0.7507147024772587
0.6113656419293039
0.9031303863600381
0.6772121172601661
0.15389071388067038
0.945805567097831
0.8207284847360052
0.3961017409727462
0.8002526678992249
0.8790004144253232
0.7592295136992586
0.7887090334442762
0.2950264449839493
0.7599333991066183
0.8544975009546539
0.5287005208204063
0.6761493119070999
0.8826322791898771
0.8585641476192172
0.9253561916689695
0.8420585479614737
0.7264401078734543
0.4316991483637271
0.7242814182302738
0.5061533386243863
0.804343216580667
0.6153665108450262
0.7167110216416548
0.4744023907425572
0.640543558697757
0.8436140758641874
0.907723091936787
0.8918482335893326
0.8384756432482356
0.9219184670395213
0.8986967913592272
0.7107004794582531
0.4409938796049204
0.7598463018583419
0.9096136778423581
0.9225893381088703
0.7090877306325508
0.7554972650919528
0.40795952841006916
0.8953199903387344
0.7545017803061143
0.7520596048514571
0.8707394725958414
0.8633930622893057
0.8949982073621976
0.9125937383550571
0.7005961057987763
0.666771946524503
0.8685236719828551
0.9401211160961103
0.8609605615824223
0.542095037882438
0.7543075183023306
0.8341189166236276
0.9148452101932428
0.9012030535883997
0.8777498254025848
0.7711565025835249
0.5571380310508716
0.9099568681730084
0.8115985453596345
0.8616065691073814
0.729352770146665
0.870162106572938
0.7177312818481922
0.8240488516988298
0.8423881832149139
0.8903255096293379
0.9791616011999457
0.6771048656018556
0.6914445614951127
0.48370447152675383
0.9212999393863497
0.9294564514687559
0.5718178192625618
0.5650912834136737
0.9146962025856592
0.7992272787615484
0.5720875569168408
0.7821675177756686
0.8356927154523802
0.7170771433963414
0.49624016067341037
0.5278002747870466
0.9457583551921491
0.7927927898514409
0.8806072592132481
0.7078905967445687
0.8534083765366747
0.39653959984615544
0.7218361456342252
0.8491808790214479
0.5237563635780613
0.862957731453961
0.5944228997003236
0.8344201518479591
0.7381365334514108
0.7723983386498413
0.6485229816612829
0.7226507005975207
0.812652276623219
0.861172721321176
0.6032205233828704
0.8887786192441213
0.8227681414952986
0.8518091697827513
0.8779024511893386
0.8228492510275321
0.7569610047781735
0.8838796518326889
0.7932008431485948
0.8469554952088597
0.9363156984401887
0.7847268159150611
0.8184865140220715
0.508176949969699
0.7135393432055249
0.9013764346843463
0.37776678539178793
0.7859423685364963
0.8753655584306206
0.6737876815505883
0.8450053469716913
0.6698733902323016
0.9157905560943557
0.6521778722040275
0.5688233790626989
0.9030603854318396
0.8630621769889271
0.727970033639139
0.8125512731345906
0.62485131764274
0.5506909945656843
0.7736880963984147
0.967022018645428
0.9600194771422449
0.3375054344183582
0.7084143507323704
0.8426587456546226
0.7869348746668082
0.9165407855079736
0.8930760618793181
0.6320336106498473
0.7854982470142463
0.8661859763016895
0.8381470664408605
0.5203846961752936
0.9255713468267633
0.6074296605381996
0.27290136826203065
0.8456955782442316
0.864175776880155
0.7251115432204456
0.8384668512427511
0.8361079094001721
0.7599333991066183
0.8674635136542419
0.9123090540886727
0.6319340789936141
0.5502499549213395
0.9372112184425578
0.8731458144696144
0.5910003644273633
0.7358941120212988
0.9655403496095365
0.6771277484117784
0.8118049193999862
0.9350540931134893
0.8060635015979499
0.4031413312132363
0.701750161318039
0.5628831403676268
0.8576452755107309
0.9076060638248117
0.6665585912703581
0.6581583631035627
0.7042984995329431
0.7707733832876804
0.44876882792137696
0.8867796213368516
0.8553806809539505
0.8114893946682976
0.8139143883353348
0.7622718067368816
0.8134708694690849
0.6828699153785295
0.9070183355251233
0.8476710563141064
0.8361826654036599
0.8654999083649104
0.799525648304425
0.9246604219492693
0.8563407547942881
0.6665990674292134
0.5125151102458056
0.8496481151350416
0.6715381388879441
0.5894935982474158
0.47065355164909956
0.8227939440083593
0.7129559464329221
0.9505393814512448
0.7576241467220851
0.8311170241948909
0.5272653243422771
0.9122198954539581
0.8190703047673951
0.9129288557781391
0.37915316702742413
0.7747627195320803
0.8474830456015655
0.7744275135300838
0.8168151399016497
0.8961690948887353
0.876193382002777
0.7244007514417798
0.6162380914717972
0.9743717799472648
0.8393003062338165
0.867298582868883
0.8432113745809429
0.5027004800951265
0.5875424041945615
0.7729578129052547
0.8135301718728124
0.6502567063109559
0.6844183948213626
0.8906971147120097
0.8844337395002931
0.7381240530101005
0.7098390038151361
0.8754268834923454
0.5013377804595754
0.6913243636692967
0.6305787787750785
0.5995435068501745
0.8116670197391656
0.7298040542386423
0.40561634569400956
0.861950831271221
0.500003196606484
0.4990767738903239
0.45765594765229395
0.6503792527916508
0.7484613103826531
0.8096946873058332
0.9131020713714004
0.610386754646932
0.9354157435022256
0.6057721911945921
0.6447369731240066
0.6652417825576274
0.9221847920729236
0.833699555450805
0.536464458454678
0.8112953244629996
0.8642015896315008
0.7903874970908056
0.5337982900628282
0.6925050281364208
0.4559718547344073
0.7744275135300838
0.9552902556179946
0.673885487578041
0.23410484342713275
0.5846451932229346
0.9339130565223628
0.9328748289502118
0.8453935499273434
0.3396151915061849
0.843523223052051
0.7748109423080467
0.8145477626545812
0.7047264891010445
0.7687019471670753
0.7733698400211031
0.9339130565223628
0.6363467140496477
0.8128524627384236
0.8158706470816108
0.8696276454043548
0.7337533012377394
0.7507801106315547
0.6660635812291498
0.651745493559025
0.8668079478886324
0.797574044802531
0.2459248286261499
0.5102616532408865
0.946290071278101
0.7221453163009434
0.6792171579959203
0.8139143883353348
0.8822714324186105
0.5967692717367784
0.3394339615545045
0.7319524234526995
0.7782738574587127
0.7123702646681693
0.4379429830252245
0.8275775603865556
0.9061295368668004
0.4414875058443661
0.763743222981821
0.6233709145681048
0.6841927228246919
0.9015837702953612
0.7695640328555764
0.7066339173297463
0.8274405678403483
0.9007972810922018
0.7913347025972141
0.745324326244133
0.7130532984828263
0.6941763762047115
0.5708234313282778
0.8343911051688472
0.8161974216578067
0.6842160466573284
0.8982992461711619
0.7986183221024985
0.6564114264586626
0.7609814356329707
0.6097638791392698
0.7418909298372985
0.6876298638272478
0.5698634244267602
0.3799595772150571
0.8188928902600052
0.5730299128736234
0.7074443781896248
0.9360165639451954
0.43756516436492754
0.7223499590960114
0.6664365203900704
0.8433167532358746
0.12818158549041864
0.9143947085687831
0.957230191272259
0.9273593846077667
0.5581684305629093
0.8963944799999597
0.8717718819958761
0.8534083765366747
0.9412941663351961
0.9182981518309452
0.5523069041073443
0.878371010066287
0.8762584865140528
0.8623047212460265
0.31553467722535505
0.7622718067368816
0.7337533012377394
0.7022923930379583
0.5806375379535693
0.8851152912021438
0.6567919961739407
0.9118432404365867
0.8072615935072668
0.6740481289309409
0.6757459748707392
0.769662944211516
0.8473265739877465
0.6458911516839716
0.9264584715374898
0.7622718067368816
0.6376830705935533
0.3399559275599498
0.7224175936100697
0.7301419372644982
0.8394814263896228
-0.23331265322633654
0.8120342930117459
0.9275802325641666
0.6724248737266454
0.4061873980424438
0.7217203749602961
0.7981736912702971
0.871249251563621
0.9258422319002333
0.4521063855292223
0.5775423927485687
0.8981199960980109
0.9267209900043918
0.7401091987828531
0.9010279823646188
0.908089916998194
0.8173483040942936
0.8280315141657417
0.6037651741985594
0.8173513068649171
0.5007278077654119
0.9057927155927814
0.811812276305043
0.9165407855079736
0.8259196732380388
0.8163626438250834
0.9266027306340675
0.7807419693256326
0.34334545340282047
0.6097179581247666
0.8740392191731925
0.7831689982100368
0.7997788202541481
0.8105134473019082
0.8146404940504381
0.8386634906253831
0.7378616906794109
0.8088401651443994
0.9291219742343046
0.902392533921867
0.4173027098281021
0.7882761169525496
0.7951893254298966
0.5276163236911363
0.874214702927305
0.6895032629048223
0.8591444513938035
0.7395058756590999
0.8384210351210246
0.6373181722150972
0.903865737094135
0.7118538216929035
0.9358732746795954
0.8243447887951938
0.6076266665209059
0.7309479736086901
0.9025896266913621
0.6160689472896174
0.9424501722472521
0.9186782423359008
0.5314742636402444
0.8621658826954989
0.823520921083258
0.541018243574837
0.8442580473581638
0.8730776753546987
0.7622718067368816
0.5488027102598735
0.8184091361336644
0.8974897202251159
0.4552841793489965
0.8850476425217813
0.7287093662968293
0.5393370595387088
0.7999190370305858
0.7527551830947005
0.6179311982095015
0.7574492036399453
0.766263010119754
0.7622718067368816
0.5505510824372848
0.5294940828574647
0.5721543416961536
0.6095569817795977
0.9750211985614599
0.635912634614007
0.7622718067368816
0.8347754997472809
0.9546304089425433
0.8181853556128811
0.6717230410289352
0.6005426587317285
0.8111454678170701
0.3959681081782899
0.6593894539385133
0.7599333991066183
0.9395567078380435
0.63221621305721
0.7585357386429683
0.6127058126214666
0.8626741950247823
0.7546777764910657
0.9065515601029774
0.9667241383839089
0.7075669563519315
0.7274099076700459
0.6004145417850902
0.8652071085631957
0.6374380606591311
0.5187280322911159
0.8470098139315461
0.9219351550276257
0.8783304443749489
0.9365365720973774
0.8194923752587203
0.7521084474481033
0.8496481151350416
0.6971438286365744
0.621338022341147
0.6361937620122313
0.9277413747975572
0.5695716555446614
0.796678622642737
0.8228492510275321
0.9237891315642338
0.8623290788287545
0.960992294114213
0.7337533012377394
0.842201373515788
0.8394311435288163
0.6002942743663005
0.7101932689768914
0.8113482216473297
0.4739845291702554
0.605774838979493
0.8299738788253315
0.30929058480112337
0.7055276511146983
0.867802700217523
0.5336963011470376
0.6758449340406723
0.8637209727370805
0.8866658387805152
0.906463591278532
0.7168101995651999
0.9527804924316524
0.46419222120348136
0.6103355336478244
0.8337327920225451
0.5372886340013096
0.5076140269916968
0.710256913821027
0.6833513173439364
0.4953722473380269
0.4173937362326407
0.8536980886452354
0.7570704343948852
0.7108492884048634
0.7850390571066833
0.7078795769255158
0.7711571755676306
0.6661137955461055
0.8476723549580651
0.49590226814980864
0.7739859953086742
0.9251267891932344
0.39053605574627265
0.4687967126033703
0.7198236559854058
0.46938319536484846
0.6600657680566361
0.8496481151350416
0.8226081893205104
0.735442224677929
0.8471561328569561
0.9602523655675445
0.7393358635617324
0.8671845575298114
0.9009780879483351
0.34563084524344206
0.7934422690145613
0.9085928873792233
0.7026591124326056
0.8849532538056826
0.8718868676446783
0.8291921132653903
0.8860283547749326
0.7468768216036523
0.7559755852848706
0.7743374798233805
0.7965737251220173
0.7818816385121822
0.56045652577752
0.8663355607777355
0.6333502381875744
0.43745669373183976
0.808206381374739
0.8785520271069308
0.6492976362937883
0.6861437651867768
0.7729461926066441
0.7031904862343705
0.8124072559549567
0.5735962493335617
0.6768845920733378
0.7069575168744511
0.8613866271780936
0.795803051990096
0.7013147355413533
0.7303854832756405
0.8199964269032731
0.820977312504849
0.7954843619857593
0.8976827837716962
0.5627939234512194
0.6267628996615557
0.6325740707388464
0.8680665682839126
0.8003515368020071
0.7184519026759131
0.8347172427920624
0.822880690174039
0.8799106100490227
0.29567288995000657
0.710007912685578
0.8830908116091168
0.9552950900614893
0.29826815801851064
0.5552431503601281
0.5651668182611643
0.3107295378604752
0.7883531795780381
0.6065585924084902
0.9404456280714214
0.87383632624505
0.7293102622100152
0.7873540075569678
0.34763270071674723
0.6870422622553495
0.7323245649729261
0.8709413751554825
0.7667584657076811
0.6000705037218053
0.6689328410470898
0.7848624259786541
0.7487760932297469
0.8777610797807643
0.7779707196215901
0.6667390578097514
0.7397680409271297
0.808206381374739
0.899736096834372
0.871193311082484
0.9592771159437561
0.5506702094155882
0.7934422690145613
0.7992414633736218
0.3128715026500661
0.78025339423117
0.5910415950215002
0.7198811019713
0.7614096687498578
0.897916770083328
0.9483981127286795
0.8789416469433464
0.5250456278320079
0.7652052796762664
0.7059407570855464
0.6359136449577232
0.7877226429378964
0.6134575683778606
0.9283958978407378
0.894686279740656
0.7387881329309378
0.6076684225230562
0.8885386774013078
0.756959612752885
0.787988665261878
0.8632671383228896
0.5487345035691423
0.8520415199850117
0.8644347800464832
0.8036357534357471
0.8869611173089089
0.810882904814975
0.7432892641168994
0.8470581689034116
0.9152861132949685
0.7622718067368816
0.8023837149246638
0.6732987481199901
0.7856273516650507
0.5117035834048904
0.8584731763950201
0.9102240035588286
0.6504405058036503
0.7984488959155691
0.9117610960836463
0.3211244053850822
0.8630774252840345
0.7758412222350459
0.7521185236538156
0.8319811221641682
0.8395332671786887
0.7121292774651781
0.716385790896896
0.6426525085024368
0.7622718067368816
0.2889718849335357
0.6257453131975184
0.9534467067599459
0.7719482845310427
0.8140254216415032
0.8656977476412477
0.8999785164291835
0.524411501223771
0.31762420388990853
0.7277980053754456
0.8326688387516905
0.9546304089425433
0.832274120871942
0.8602421922907889
0.4519398629497278
0.8424639100732181
0.7950363584126725
0.4927526147170627
0.7505004351896775
0.2672578917879495
0.6897595865252768
0.6442346253771125
0.9565100233503226
0.6337739712556685
0.8021353977440913
0.6774809386009897
0.760178826306641
0.707832263045375
0.8701482208378085
0.46960422683478414
0.8558559018549118
0.8161974216578067
0.5040576725379194
0.6291295948273798
0.7808001899908634
0.44278874098272875
0.804474550336394
0.7385611845850113
0.7546777764910657
0.38153011979527557
0.7204230040055871
0.6753119632907275
0.7208087102735564
0.6661774753570329
0.8429341903118374
0.8446711720229595
0.7817166546836297
0.8014153187711531
0.7962921222650915
0.9245387019216158
0.898403911651561
0.6283524476352662
0.6962660906979843
0.99018740946364
0.7932371123454608
0.6751583326143715
0.6663585837209843
0.7200288526203483
0.8278195490076248
0.8399739774247784
0.7943527940597999
0.8366570471866236
0.7455162865984926
0.8736923324942142
0.6963411951953293
0.8423017098466146
0.2927563202535851
0.5386843015641916
0.7882275287544955
0.606334958257318
0.7499593650783175
0.7663394315820172
0.7820047311501934
0.8530847483304805
0.3929803075520973
0.8390379159930476
0.6581085694562617
0.3551301455326294
0.8403951488414626
0.9264775070454421
0.9375240225746067
0.6052803792245433
0.6944891186819732
0.6726237579831525
0.8409154935068939
0.7738850374017792
0.8758687395890324
0.7948464016241296
0.8401089396827927
0.5940257111350438
0.786829835980206
0.5958526630338478
0.8007893659936558
0.7258868562961492
0.8155898307729023
0.9111974319912188
0.6195251717748148
0.6278225411717034
0.5350437345253898
0.43635132890851974
0.8112897135568579
0.7018729179072781
0.6615441706625903
0.667462548082003
0.8767240180666669
0.6083750851886806
0.9013291305243197
0.6773553570287514
0.9155940900666523
0.9145613954598656
0.8492794353047156
0.6775952019980485
0.46332873693293497
0.8726420381443465
0.7155488203261287
0.7783384816440868
0.6366118663013697
0.685209447721833
0.7511257996761175
0.8377198841801838
0.6251213996588044
0.4025729908366671
0.8971873806647445
0.6263310489530112
0.8639371394370702
0.394451632595439
0.7599185620145459
0.7076170597634941
0.8960920212391611
0.5555785583168017
0.6545858388043871
0.5498893265924818
0.6289812468560653
0.9192255830904176
0.796212346570766
0.8609044499634839
0.6518098958925612
0.745895235096035
0.8668491744745039
0.49199339315456203
0.7568794057573778
0.5545323767451826
0.8002787699466288
0.8652818435023505
0.7381398196248177
0.7364121047252702
0.12191463156746377
0.8077779062393674
0.9867258605065807
0.8275133881651577
0.7398495373503955
0.872338105221418
0.6077090003713574
0.7370543048658382
0.6124500724729183
0.7962870352617869
0.4681680969520396
0.7008302454711816
0.6967397777421769
0.5698629313135899
0.6123670929605117
0.8909138892684921
0.7939167564712362
0.906777516459338
0.6439176946594884
0.8675586452449139
0.8547581893637117
0.1453448040097442
0.7943427965115092
0.8273189772161808
0.8673042301313079
0.8062701694698343
0.8068778238988492
0.7514177868541717
0.8487195755863461
0.893809206543053
0.7700491911594601
0.5479225188323127
0.7757011422060432
0.5832249811809365
0.9438392804539771
0.6560946000188478
0.9470403269849024
0.6711159885606826
0.7483692400506984
0.8661515067825749
0.7760626746156578
0.9337888397790678
0.7575350378168787
0.663514106261216
0.8763092989595936
0.45361409971288247
0.6184938904587988
0.46285112422705726
0.5063318652716938
0.9393235707772555
0.7258290670975991
0.932359254222383
0.856270951236964
0.3965231831943136
0.6947694811014216
0.41612229566461517
0.794082287777175
0.8136682476131336
0.8924072335016494
0.5273194045955891
0.8009500101458613
0.7593692155080055
0.9200051391559161
0.5845869797401422
0.7816366574926954
0.9230570712950132
0.699457919139947
0.9476746607754456
0.5104459411085407
0.7477863962370646
0.9475183629420335
0.8459016575019166
0.6125956749830521
0.9056130660066851
0.894201176870655
0.6292245266509349
0.797838512469173
0.6785197404857796
0.7188459415202002
0.672395302583941
0.6552131864133127
0.7466771089307518
0.6162119950235218
0.7033999658052641
0.8499029425995327
0.8051075137076193
0.9441923958105487
0.38283869246549607
0.8948363838483371
0.1065807866316948
0.4789937355836406
0.7214891425256034
0.6972069221621454
0.6788374448145087
0.7555688789175717
0.508537899882964
0.6883334317765633
0.6539235859707242
0.7280080029843773
0.8408184137848302
0.8708824020540535
0.8707902823270623
0.8797713230768199
0.824067832332956
0.838471845105486
0.7050265198904657
0.8111608185495196
0.7996260892335906
0.6318891531963811
0.8099850997492396
0.9124046902956018
0.9149832712906482
0.8761275089561189
0.7868034033778144
0.8611703217684212
0.855959918808249
0.28759915792115015
0.6446377178628067
0.8251920430670964
0.6882633612301903
0.8641343958248212
0.658541596967507
0.9290399940226375
0.9454101489521524
0.8271183008122819
0.552539619218119
0.5556627558515795
0.9274471507202633
0.12641791128297397
0.8883277866199845
0.8499032821983172
0.8250282207466426
0.865112170423898
0.6584058940642228
0.7669531454065043
0.6040967799815067
0.8279862696861533
0.910511716803829
0.8368660112295433
0.6554767742833782
0.8746930832221902
0.6156598348732448
0.6749968469038773
0.9347606536322184
0.88554343293059
0.9544609974626537
0.8067045121171725
0.5387952053952216
0.8460913572742942
0.8844206314384457
0.7822268285514056
0.9331894917782033
0.958104797845411
0.8514537612146845
0.3181297626662354
0.6089270071282105
0.44440537718013334
0.4975858006104733
0.835976549897229
0.5763825558656126
0.8135727930746157
0.8676688420123492
0.898257289412368
0.8928710689924637
0.8496773552639747
0.6981865695036212
0.931944122062964
0.8960143682310743
0.7735823161949128
0.7276115207148759
0.7635996446319637
0.7389742458813288
0.6242010425431136
0.39659214867261855
0.7795250240610496
0.7695886364417666
0.7457856860049226
0.8124920064998743
0.6207781425442938
0.5891004830336845
0.7852926214976551
0.22343576270269366
0.8343442973188404
0.7053594024422707
0.7476364188243848
0.362319590320375
0.5262405540150665
0.6603323770751315
0.6965136126553046
0.9455289358243035
0.7947449909875541
0.8739857054137622
0.5983035466928072
0.8833946188679673
0.747460616929401
0.6977979485027052
0.55238115311457
0.5536122881804035
0.8245557642727855
0.5115835258749455
0.7677319626177233
0.9282261514528776
0.9349325320614885
0.9021264542513859
0.9143134309724067
0.7800223768223278
0.7762777305217532
0.8236924452845188
0.3635168078721209
0.7527783560459396
0.7772488982759527
0.9108617552142368
0.6092653027153921
0.7425679347818728
0.9849186766469564
0.642270681741733
0.9226202897967003
0.713149049582894
0.6967786350141812
0.6567997925267719
0.7907939814996527
0.7596736004403025
0.852183739726798
0.7274972858183243
0.6623423092122124
0.4444072531572594
0.6261690694943381
0.8735208107079302
0.663655577379631
0.7922711965305643
0.6349680276726477
0.8561418439117482
0.9262092032620385
0.8030369552172494
0.8599149465954655
0.5657241219924487
0.7595466381210652
0.7399611611211133
0.6842929260780591
0.8133666704094688
0.6072212385907152
0.7522725205044642
0.6959204405640779
0.8974760779973493
0.9566418478762148
0.3567261167479948
0.8291687684855439
0.5967299847304606
0.8174252699974566
0.8958322762653111
0.7430982886456057
0.953858302875859
0.7479102009395133
0.9119385874459311
0.9746907604264816
0.7114648485680288
0.6899567920550234
0.6358584703448913
0.6282459714862048
0.7732699586895307
0.834261450587888
0.6354995508593048
0.7695715672474518
0.7631733378614526
0.6299077985151685
0.7740744955156361
0.7960070499009638
0.8219741147275518
0.7931549212063618
0.8428794503202357
0.8699123356574179
0.7295709133785209
0.7693108253644036
0.6488187040140527
0.7830889198441364
0.7171678328996125
0.84512571651543
0.9172730887317162
0.9594010022400737
0.13080927455079394
0.9016658653323079
0.8427534107070395
0.7897761986712578
0.8346853980597555
0.9035164874063273
0.6739618496014519
0.7211525110670924
0.852682579314167
0.8021789670457402
0.6715085528388564
0.8037904475730654
0.7677009019657823
0.8382691578131405
0.9430353983929616
0.33346130608747
0.8596660839864206
0.6707976256774169
0.8404749583993039
0.9933193147751457
0.9412257044508696
0.5538053427363931
0.8765289902780489
0.9606796147940592
0.3622402829248373
0.6185286164468762
0.5975844977690423
0.7461681220258958
0.795484759674711
0.7174376268486473
0.4742826847232246
0.75644313854754
0.5863303305228539
0.7126053069593645
0.8938440185276596
0.7159813826623534
0.7485412120771117
0.7271323558842829
0.5039875674286733
0.7204661068995021
0.7506347289585104
0.9479705402344304
0.9398862926704912
0.8595966370604734
0.7862788558780214
0.9615878713285931
0.7093781558055234
0.7136389986433602
0.7424033793735701
0.11111377319697913
0.809606165532567
0.001238206632305678
0.7984739791196221
0.8910578895064286
0.6321119089171006
0.7358034553672472
0.7455435847466011
0.6420185598886351
0.8874964894829315
0.82683703229712
0.824684367289696
0.7967389390314098
0.3743594865666545
0.8433139266607187
0.6285042834119006
0.4966004962857658
0.8678194755802727
0.8907120919251175
0.8816856125386544
0.6980909161292081
0.8800916108391267
0.9555283331652896
0.9248054820890738
0.8588692672580804
0.9709209715095772
0.6083735476879627
0.4159054118069324
0.772024708927752
0.8895761479321749
0.9215761275631146
0.7870441551282171
0.7908083900457447
0.7983194045208987
0.42085368256614936
0.9466035111277585
0.8665962782725406
0.7434243025958875
0.7356752685026198
0.8535120837694607
0.8212675698386549
0.8461827555375747
0.6737425152297759
0.9906513862175323
0.8647395612022406
0.8596092900803496
0.8000456934674051
0.7547846048327291
0.8263483240207422
0.5097197083280766
0.6445118415198714
0.870607408794231
0.6862555504896906
0.3461904278465598
0.30760769868747406
0.8154379352682657
0.5913673858907741
0.9113433535148487
0.47419168104710036
-0.17978430481346402
0.8099994924668961
0.7127134154237585
0.9702258632112459
0.7710300791651381
0.8332291249968722
0.6234602781863688
0.8967034081799808
0.9242341148847555
0.4465974551444271
0.803399012393126
0.8210994119826007
0.7656746957143346
0.8007700265906118
0.8812102262476257
0.933225110794917
0.7564853957118639
0.7980167250582617
0.6007127527587212
0.8966952027756603
0.8933806815071235
0.6020473892844753
0.8399088297892378
0.9489722257823009
0.8245768411959782
0.5873948096255005
0.4102184694108191
0.34618138325435577
0.6264206783172892
0.9191933194458575
0.8445262102907559
0.7932849235992533
0.8347870552381045
0.8750628675186395
0.8772972569424836
0.8368689474634206
0.6429026688192907
0.7194120945193754
0.8281451171042354
0.9443356914679067
0.8082757419811453
0.6485029776750412
0.801901023222549
0.5063757836468759
0.640595557168824
0.8696168822502784
0.7189315815060235
0.8975995569262637
0.7921214508967976
0.855453855443972
0.9313635647233562
0.9206833169870459
0.6987468898261967
0.6962666889743294
0.8748440935180917
0.4454611467067108
0.9283451254394075
0.8940416730853659
0.9489679912142048
0.45652722927844286
0.5823705902752299
0.8340791647418393
0.6650710009093643
0.5292017250461931
0.6826708560251659
0.8625272105750927
0.8893184876216231
0.944712849316492
0.8399859477704874
0.6587366352128807
0.6502872817128853
0.8157361772642491
0.8155038214058219
0.7014874943215994
0.8016563270443716
0.8676378766406341
0.6608410507901904
0.826278513392377
0.5473110320394369
0.8900006788299407
0.6569082651420565
0.8354140888500139
0.9034616004261634
0.7054330012292653
0.5549347657925223
0.9893331592172326
0.9075752001195653
0.8977542938582298
0.9320881483206334
0.6953289820405628
0.8494616314151534
0.6228531996618802
0.8105859590874339
0.5827539217430369
0.8547576239994085
0.6711645880803022
0.7685235556393434
0.49288856454988283
0.7466424684532768
0.57848236148309
0.4611577483177724
0.9165225837365923
0.4660577626883214
0.24919489693074118
0.27150785131093624
0.6770333262689763
0.7332541719159132
0.9112152023460148
0.7348894991272423
0.669538542622697
0.9152800744457665
0.7823382243511023
0.6704044050099001
0.7422226411445748
0.9336776874324305
0.311053816133882
0.8329977482001739
0.9031897704150684
0.5542693072525096
0.544356768995745
0.7227622485459352
0.5650229600070245
0.8743783428554425
0.9324564303583768
0.7528779577433103
0.4767839367228924
0.9578071650576575
0.6938803058418955
0.7834635144188207
0.9134500085392039
0.6029938476746567
0.9192917735117664
0.8484340417836879
0.7143696329839968
0.4524477910838589
0.867812797269139
0.6977285967741024
0.9893331592172326
0.6093591756344336
0.8123364531960511
0.22939449091140673
0.8408938532054622
0.6228444179187596
0.705611278508957
0.47575099643599217
0.7982639096282537
0.8105511879447143
0.556258472183308
0.36767518719165126
0.21678326525137182
0.8945068360006352
0.6725738914863625
0.8172044407026853
0.7779484416852424
0.4316828842034808
0.8055624223828342
0.6723801482085671
0.9678257012912324
0.7597763600431433
0.8778888010993333
0.8012752098964577
0.8647773040074146
0.7483154446403634
0.6748370571680694
0.8050165594775179
0.7403937265713356
0.4936087064660155
0.8743860806052114
0.7553229106476843
0.8447026462913443
0.7834145743832087
0.6200224049678248
0.6485380271752297
0.2634906515708391
0.29793153525141536
0.8305693441073322
0.7669176661792764
0.7557879167032556
0.8041237629137823
0.753047165306058
0.9702032878913274
0.8331074838360268
0.7186530786236136
0.6840389068754145
0.7891836933222587
0.7831341637496929
0.6607400266715132
0.8867109430443059
0.751578126752807
0.8738307881208127
0.6862749708876493
0.945144469199788
0.4207972130831174
0.798004063678947
0.6340798571490157
0.9862381497163059
0.9392182631951272
0.7979579258100981
0.727248114510477
0.610522075420166
0.8863905108239044
0.9406831443717559
0.9178100342036364
0.8794473461112383
0.8139383821160316
0.6043930234048501
0.7764188733267394
0.7899098238706181
0.8950784012039708
0.8656876584677021
0.41328939511370383
0.8749156109520241
0.47140909529145686
0.8371419301791627
0.7543196803952734
0.8675867244893422
0.6268766919084925
0.6705593596822643
0.8105066982890903
0.6485684767710157
0.8203554803319206
0.6406605182536719
0.8812145968957824
0.9183299450358359
0.8804429830820241
0.4532125417263333
0.7579098778225841
0.7064459000075642
0.8569085068764534
0.5333059251088362
0.8214525927421528
0.1983054337869432
0.8985002404472913
0.8742806019093687
0.9116511832767347
0.8214021597742133
0.7535414889061256
0.8452001475177853
0.7416268544788294
0.322383918128712
0.8933806815071235
0.633164946520912
0.7952095644854006
0.4982660412417993
0.9802678156841882
0.5522472525361307
0.9314644238069021
0.7053957932845495
0.8320961644357194
0.7679393307882982
0.7317661712217963
0.6146402213194341
0.6612758462615066
0.6233386148649765
0.7985299570061827
0.8659236043090063
0.6291741879689291
0.6712128551929014
0.7015816297755382
0.8836936845342954
0.6342819252906704
0.6599511007406411
0.9524596855727014
0.7460441671211754
0.8876949277397398
0.8962270187991688
0.7615463781979184
0.8650765733888576
0.9110954323271728
0.8916339190588048
0.8623625097486188
0.701719084405341
0.28841179044662735
0.8163511519487466
0.7620593780227559
0.7625911350439846
0.664105586218339
0.5582710350098127
0.9423597656211745
0.8085808323019111
0.892916074103357
0.6987449908665132
0.8902885346410744
0.6078911671342873
0.6676735025819788
0.7539087378375889
0.5854978360277312
0.8972539159338895
0.7067894758071768
0.9885198770280423
0.7610552004895982
0.8213397478653336
0.8296139063698517
0.660627118887188
0.6892296206728844
0.8827366613678618
0.8209235175633538
0.8660452293858545
0.9277697292743261
0.3634857963764321
0.5787032681881014
0.8204589202957384
0.7859368637622123
0.7480583036372457
0.8635960232661785
0.7169544187550263
0.6170015653996934
0.5998470400820872
0.7423242178674152
0.7903010776764681
0.8605019922850171
0.9134252944546182
0.15443068920395764
0.34673774401288143
0.9773340906379666
0.8628309743904513
0.8125392144870769
0.7667426379532226
0.6281167078456916
0.8761152679278802
0.3303057106584598
0.4151655988777051
0.8307079214424398
0.9052323746910046
0.6670560081149778
0.7258121199263156
0.8912777366112337
0.8983309303059026
0.6969399864868454
0.727928709508167
0.3669247713342394
0.6391716210396821
0.5854266576419703
0.8944435703920575
0.8333637502203411
0.816852281084633
0.4294881892808907
0.6324487011324188
0.8820578649912235
0.714764102158154
0.7131003225184751
0.8451033063133423
0.7766180690735776
0.6414605817067804
0.8569601532350342
0.6903167910663452
0.6885344682646758
0.40832284750835374
0.3165146290323809
0.7726231361249669
0.8395678327808435
0.5394793905034151
0.8240519307988612
0.7636221221170588
0.6523360004595279
0.916612158778098
0.8683151807531306
0.9300816370361662
0.836884720337805
0.7143114349776369
0.9258588535042485
0.8457615536563775
0.8157843246353872
0.8497439059841394
0.9372050956907523
0.8794395185386592
0.42189120915553724
0.9490691509048783
0.7281785316342444
0.445661517289294
0.83406420181829
0.2725647991904345
0.6172712541089865
0.8107271796133632
0.6027544965048491
0.8435288376072164
0.7822966315855391
0.8368049193929725
0.7584492396629522
0.7336824496773079
0.9428837884139963
0.6001258872827475
0.6612640011377701
0.1588211846863387
0.7081261790747354
0.755555867112453
0.6489342728641693
0.9113474918190959
0.9746907604264816
0.7574548800594737
0.6331972859115688
0.8679673226262179
0.4193232372936762
0.8142998603157636
0.8373138713454137
0.8113608496222597
0.686749063191337
0.8251148760707582
0.7825794863651635
0.3765228672679186
0.8056300361692413
0.914400984976497
0.9253726394315362
0.7423537817281344
0.5893570031805868
0.9874052788970425
0.7261679343497873
0.8248796145855595
0.9028158433311987
0.7629571883786571
0.9821068637265596
0.772833435280234
0.6886113756571145
0.6474216354438869
0.6855914458190925
0.8999980847322793
0.706280983423419
0.6918963655176542
0.6855527531571359
0.3272007076198073
0.9409436971684416
0.5683967735352053
0.9022857326791289
0.8394793499061244
0.6234825678855314
0.6368828296014852
0.4816740163797
0.7456341424265465
0.7211503647681449
0.8140873306569231
0.7448530508997196
0.7134515058907359
0.7698079481786925
0.9562521402247138
0.7721349854852475
0.5825839993074126
0.9284833663186941
0.9376860247288701
0.9778510783076714
0.8990258695699306
0.6226610994300155
0.8869617058022065
0.5881924626094492
0.8188531230290969
0.769603486071569
0.6454889445597114
0.5838156080930138
0.6759173515752974
0.7495603983270526
0.690910839552944
0.8843689457034525
0.7245257688570594
0.9619314586763472
0.6874305849913233
0.9718033915887719
0.7608823076970141
0.6668109858155461
0.9011772243142098
0.834682630121755
0.52495568746893
0.7615512539515282
0.6827100760316682
0.8028191083102453
0.9767071999489496
0.8853304239416963
0.7445205644693881
0.7255004056461554
0.8142263789083963
0.5364267511484054
0.9544670540391288
0.705174328550681
0.6804987177537968
0.7676056891835958
0.8704611341598127
0.9014635434280216
0.950493231317062
0.7247114658446293
0.8493151432070657
0.6342221518148907
0.8507444102731416
0.6919151712141219
0.726260755454466
0.9746907604264816
0.878167508130271
0.454504546398871
0.8239778931918036
0.7060219408829835
0.96123364453102
0.6621555701347657
0.6657677035421257
0.5564674402601317
0.667020141147344
0.7228518090935095
0.7909182336046512
0.7414306932611908
0.8259719726425848
0.402569678246266
0.44863156115631664
0.7049099477974397
0.9194319794105404
0.9548782206718966
0.8316334732246984
0.8908641955318689
0.7730483942132198
0.7568671278677428
0.5024787966140418
0.8294335194114023
0.8466764783648238
0.7432700858329243
0.6455528041997893
0.5014117142360816
0.8091736129004871
0.9059538655747527
0.8060275297750789
0.7562717007008631
0.770491487727141
0.803593957032045
0.664040227016089
0.7462041762701657
0.8710024652818128
0.5977259193067881
0.21574875498493978
0.3513209907416214
0.679921037218944
0.8331345546712091
0.7191996821906371
0.6273178937807107
0.9654369522760885
0.9892897753630139
0.7540205301695113
0.9063030250370425
0.6433205443469193
0.547419070882414
0.7536980221224018
0.7094446830389457
0.9913525473763785
0.38950460459894376
0.18653346936732862
0.8953254294524006
0.9061978130733189
0.9322492216038308
0.8256993822214822
0.927343753540402
0.8801038572430719
0.7247042065229525
0.9433726313527353
0.8974625311621165
0.8829774219945881
0.5879838163528206
0.7184241614970931
0.6370309963470457
0.8743454494854839
0.812279151635409
0.7256357565896441
0.6912480639153119
0.7770157468756677
0.6872341247090911
0.5409399930118193
0.6163668861921245
0.22006704734294705
0.9242696394631665
0.9350785044769102
0.9547960199506129
0.9650411280770579
0.8608990057112574
0.8274226806972236
0.8293933808206726
0.5946921058017237
0.8587741132388766
0.7990770326459775
0.7690894677000256
0.8223956524729885
0.8593211460010696
0.7032627810838945
0.6597517009500427
0.7415556300750336
0.6399249627370417
0.35678341622172566
0.6116993392605066
0.7211253397166495
0.8843072501150616
0.9863345634660412
0.6319679091127586
0.8161616104564793
0.7236022176893119
0.4645995996359854
0.5236689093213861
0.835716358893074
0.7766559077468164
0.8223956524729885
0.6018156956819426
0.6692430805774078
0.6061338566907098
0.6800392326262262
0.7216033628094357
0.35957630320665235
0.7836965798827321
0.8572389696633954
0.6867336715435642
0.8722398023394613
0.8555694183357059
0.9026777746033213
0.6502419850858343
0.7762769916211093
0.7373525504524693
0.9583272651906436
0.6883561104567837
0.8452594980973529
0.76141614243903
0.9759459728350602
0.7013961030535779
0.7900854010219341
0.5923408120423487
0.4569159606211063
0.8222049314168457
0.8486604918707839
0.6222582656243052
0.5459431265917964
0.7571866851451533
0.6314190683475323
0.7639275252259609
0.9388076526487059
0.8085230914928221
0.6806437010394996
0.8306379222422456
0.8933236810498366
0.9792223230485293
0.7593993871284221
0.7631829329051262
0.687866149859457
0.8830304208869229
0.7757323279844777
0.8360272780444402
0.9669793046218254
0.1470644145126216
0.8765704026698357
0.883122570609368
0.8312598583748562
0.7647272157705206
0.39001279371968545
0.8971462444953722
0.9332878467477941
0.810831290181888
0.8726015468909211
0.7879279236750237
0.48282907545054937
0.4610092253795279
0.7986310992198958
0.8378733145399386
0.7637217161207686
0.6676356616040757
0.6769355846267257
0.8603989281730133
0.7798852122837326
0.6244458351776099
0.9016589948953072
0.6467527823767915
0.6730000695932516
0.8935498709124472
0.712853926540111
0.6962001061552291
0.6616618238379519
0.723779033612995
0.7297345424643749
0.7144754115644832
-0.04976448157925939
0.7443031491068057
0.7735063924748563
0.8203097350688753
0.40797427338473324
0.5009128383172791
0.7410817840050062
0.8659327155207235
0.9830412969774928
-0.039182902805481104
0.7578930177404481
0.7081740755882515
0.4845700821425391
0.9278116917637103
0.8220245018714842
0.8592232502246925
0.7316720979746744
0.6236943612754204
0.5927458982721576
0.8474116987585176
0.20779016561227637
0.7516926087933893
0.7807231076090005
0.9913525473763785
0.755364484489324
0.7517719933654027
0.8699827549738383
0.22006704734294705
0.6935438199856299
0.9264409128282454
0.6185791687995895
0.5641258957881276
0.8604267219400529
0.9065128106721306
0.7370429024516839
0.7492524829523313
0.6474931791215386
0.7944538858832294
0.7782899630094102
0.7143787237436988
0.6120871897561802
0.5190559530385916
0.8133893382157598
0.9154953534039769
0.19420064301809023
0.09616845723825516
0.7078976309870854
0.8359333488734932
0.7836965798827321
0.6589753380800326
0.6732335822534148
0.9584564022180831
0.5927458982721576
0.8392538199365771
0.7622034275202756
0.6703892530384506
0.7192398933156795
0.9746999274962149
0.46294877157367104
0.18653346936732862
0.5978108378086645
0.5829420716243997
0.8941532587821086
0.25416565106200134
0.8217239899906554
0.8721916920626045
0.9481663366511395
0.573081755140911
0.5572112036812297
0.8529304134122613
0.7109202249219857
0.15730524228755038
0.9211560881641181
0.323465855093095
0.7761937966039081
0.9338315656893572
0.4255268400233301
0.5699085243410773
0.8120741939960262
0.48729489226600997
0.8750479365265472
0.9237768650854924
0.6813848611642139
0.5943828968139999
0.6515957534256325
0.7401521965583925
0.47088242840191513
0.8433711222567772
0.5676151757459797
0.7296817875419878
0.8020561016763735
0.7105614912510566
0.9161598626870745
0.670917294701664
0.45808697368634094
0.8781939937567139
0.8833823667535887
0.6661058998194064
0.44415756954776603
0.8603961415436242
0.9266123405897941
0.9186572918373405
0.944375090008535
0.5626550788715422
0.9622829418048677
0.6241869879625406
0.8000690104861827
0.2580185557275199
0.20912835654310724
0.8280570552833597
0.9376425225443774
0.6366156198444821
0.8620130959917486
0.8219759928070686
0.7289761102520695
0.8632947351862097
0.6596354406101195
0.8240113929616353
0.765571987866627
0.8988977688725713
0.7308327199149802
0.8067152019895734
0.906909713731075
0.8854405130265448
0.8102563254903473
0.22006704734294705
0.7841869395732766
0.776176539571925
0.6661615712597418
0.6698042999213337
0.36677701097187426
0.9070968784408646
0.7681118085256824
0.832874717389064
0.6436400488073377
0.7906444539063742
0.5459095619241419
0.842996165404165
0.7717952883516636
0.7100069760123526
0.7174257066188598
0.7154318818119828
0.6895411338229966
0.6694144261009095
0.9343424551010124
0.9006313950300082
0.6456616165773355
0.18653346936732862
0.8574996642336508
0.8555214365959666
0.5121261924226557
0.9226948617744719
0.7825652214235183
0.5370128603811735
0.40083460536421617
0.950544844253264
0.8040057937235555
0.8092742669432933
0.7562518801299601
0.7804143564952543
0.9875580681702354
0.3316436643318487
0.5651096976945346
0.5870856276965788
0.7524533606612193
0.7868371981178196
0.707780277983855
0.5619818774492794
0.792042931359671
0.7032733114218891
0.8060138702716074
0.8472388291835696
0.81548745250413
0.9517834176383981
0.8945687050031133
0.8981613348805123
0.6772113664665809
0.8033971437092298
0.7926376690060012
0.7882060947021705
0.8639248438313596
0.7254690699172763
0.6877143231230104
0.8145407697174462
0.7808876080969922
0.8583120288872296
0.7045223052393846
0.8798835767591794
0.8944806148435451
0.6995862732014263
0.8326950377818543
0.8425917397051856
0.22006704734294705
0.8839239003457139
0.2532859235121863
0.8303445707243979
0.6324769617184489
0.741033161476069
0.82011416371201
0.7015298359453457
0.7164837237851898
0.8250808023371261
0.7086788377735045
0.9158222891721185
0.7311886892132913
0.7802805615297129
0.5821444789847432
0.6652226982264181
0.8472388291835696
0.7726080618729306
0.878571131309385
0.9097137167204187
0.7517401691428546
-0.02595355689018203
0.8965054332296327
0.840372367157054
0.9393638113579272
0.33226204427633466
0.22006704734294705
0.8430185133531628
0.22006704734294705
0.7840917041126564
0.6695806802670602
0.8191903916127126
0.7876308273004743
0.356905691732884
0.7716250121735412
0.8632392034326585
0.9501811418642806
0.9271328110649302
0.6264592837509678
0.872625727227133
0.25785355415716127
0.5846693211870414
0.608705366086518
0.5138047107145649
0.6792091933192651
0.9434416691437703
0.8314003979771512
0.3869377133731292
0.8292010931285344
0.764117780963807
0.705205031088849
0.4487929607335801
0.7274742983199399
0.8462851755921991
0.5639332633265487
0.5554880190938387
0.6774987079960713
0.8759218798514659
0.4253093457186602
0.7716357694788959
0.7962516882297332
0.6692027738936962
0.8813258155134954
0.7885798174723675
0.9165024282591038
0.8818653678068287
0.8755565783506652
0.18653346936732862
0.4520354467531566
0.8196983091905873
0.8870578650203537
0.8456633154969341
0.1951777140493275
0.6081189063991312
0.7438031809955189
0.8387715250842288
0.7632920111415655
0.8142482596163653
0.46536238122746193
0.7312034877281487
0.8416251899657464
0.9246240008073833
0.6440212147848082
0.9528794212497708
0.8313113632805119
0.29500351853394885
0.9094998895043123
0.8244220392409763
0.9512384560755545
0.6991342957793925
0.7285796880423707
0.7412046322863519
0.6668427102051266
0.8281817168190606
0.921669389073649
0.9527934607783632
0.8358258656669203
0.6643840855581499
0.8649585928983079
0.48102871760904753
0.11665395148026822
0.7467252163974145
0.7168387622680817
0.9351708412281757
0.5290692688492727
0.6200911118642436
0.84354091812233
0.7094692023880329
0.48747590765216353
0.8393655366007067
0.6658500679458428
0.9039360137333585
0.8546761519218309
0.7566816828801329
0.816378322620056
0.8114856871764826
0.7849895389409697
0.8247448352668129
0.8060783609133704
0.950544844253264
0.8285993782699931
0.931627739916919
0.9464437802463759
0.5344095894636405
0.846714638329414
0.5512198994996373
0.8080353206882721
0.7389391553041071
0.7542322738498226
0.8645559927137376
0.417295607626979
0.7970031256743033
0.9699753380002016
0.9719017710849435
0.5399377080234425
0.6641273155820256
0.8863569652333331
0.8136259180725423
0.7825545622908827
0.8609372960644158
0.9056239967076299
0.6368028757648476
0.840927887475276
0.5241013452427238
0.8936243180335788
0.8859467474979806
0.8920783397984509
0.8739788677420147
0.7390434470042442
0.44602278452112165
0.8758042565178795
0.9007488209764918
0.4275715043786872
0.6791521093322365
0.9751578950907885
0.8801244061201037
0.5342669395603219
0.5976948389165558
0.8132815946505151
0.53008698765432
0.7325103539434661
0.6344435935949989
0.8896260264106332
0.7914647147069385
0.8156184118176725
0.8424006024220321
0.45580947477660966
0.9547518543598659
0.8083148655248106
0.4172123531175729
0.929992454744477
0.6225973675666922
0.49196090272256143
0.5758004298554183
0.6995262805891913
0.7391898771754778
0.897092935294125
0.8452130713108327
0.7477055551514571
0.6810484777853313
0.8816723342739318
0.8313492603812886
0.3353333720458913
-0.04365733003789511
0.6098299754683021
0.7882620994749008
0.7770444849364229
0.6902147946798706
0.9443356401683405
0.696145904039037
0.27617584892899805
0.9830412969774928
0.7653239162353351
0.7384493637980789
0.6348582720738108
0.7798834286609417
0.5469227334001032
0.8551935102026755
0.8088668664046313
0.6112767111787649
0.8888317613481779
0.1951777140493275
0.6339330844038785
0.8211469167891858
0.7807300905511577
0.7045231391282661
0.8812136749841337
0.9132671015010461
0.7664700417660493
0.8803618992651028
0.6166917997470961
0.5232913984552277
0.7665444398813435
0.8886014305954146
0.8937259299633301
0.5831246773120875
0.9047646167885536
0.9407237686024446
0.814329351538745
0.8023657985016084
0.5927458982721576
0.27141160167732603
0.8714018457843538
0.6541937739275852
0.6810486013693494
0.7205812609155321
0.824135608037614
0.9408334605542235
0.7086440127929798
0.8430185133531628
0.7726667877294933
0.9498902519283301
0.790179730160848
0.8318704764291547
0.7193036342932203
0.9478891731982557
0.6851986559139535
0.5229242077174088
0.7701482884305307
0.6022285473555593
0.8517730826499204
0.9043305628622178
0.7503941491003451
0.7039000981529188
0.928416155115665
0.8869254217674782
0.76141614243903
0.6127034906349721
0.3940618113340705
0.8880375315069707
0.7358516872830613
0.843920583650482
0.8883149230955658
0.8788375698541362
0.7862986196375144
0.9333654479535531
0.9361891083158207
0.4520343031827261
0.9243518046643463
0.6543445817190986
0.7978489812493158
0.7570089058205807
0.5232879556833915
0.8576865428788071
0.8421119938538976
0.8575532841211502
0.9222125027475137
0.8992349187588838
0.8519179816373211
0.7516926087933893
0.9545312267683554
0.02560292070532213
0.9322584658296916
0.5970356491009416
0.7189929383591336
0.7462974021054195
0.4258586575033749
0.8792250973741066
0.8464731874274906
0.9171191006462209
0.9905371753145056
0.6528550560919648
0.9516171803509792
0.633902479021921
0.6472828712526894
0.7011087739860764
0.5223775999311668
0.8733849190338956
0.2577813952777314
0.20952830089846158
0.8526824750465615
0.7980148475940646
0.7232174973997014
0.8599903146683536
0.924295638670052
0.8350793207316116
0.5073163194692801
0.872625727227133
0.6129172049394426
0.4003980384070971
0.8225249808491504
0.8411055757771333
0.9219464971025355
0.8400845465753863
0.6376479164680027
0.7635211594918262
0.7362734670657488
0.7813616328096151
0.7179337334057441
0.3630488113677078
0.8896252784005487
0.8074513960011162
0.5128760787516861
0.9308448790048545
0.6264622322979293
0.14952611579292757
0.7526413336881163
0.6586814797412913
0.6697257973875059
0.7183634278038215
0.4504491302553057
0.5957009472452364
0.4453813612831263
0.9329337984804891
0.7945180895175891
0.7716636972310876
0.5852868754450119
0.9880835259085703
0.915337586168233
0.906995382691752
0.7937539146971415
0.6906624269233378
0.8083358642796119
0.8216387676720232
0.6803199424623683
0.6373350317095672
0.6776706660066526
0.8073012316645555
0.522217484972577
0.06918891209244989
0.8974625311621165
0.8185267741357689
0.7390920192625589
0.780971193325332
0.4412486949712168
0.5548109106023975
0.833151116632155
0.5092486407739649
0.7678688739014813
0.8957843434084857
0.7416440228623506
0.9328519269949195
0.9050145392528793
0.6795529071624248
0.7214727068440342
0.47846644659264925
0.7914181478013363
0.8413416786230572
0.6741822775281587
0.790821600683227
0.5112766502938637
0.7886151037709013
0.809911995388228
0.5958067818017968
0.8537249828086717
0.7541741172085782
0.825358224169503
0.6889585688602705
0.8056084035957002
0.7482203956778687
0.361515392944366
0.6571588504257249
0.652335684247566
0.9043409640656835
0.7718508041723569
0.8186304944077979
0.8313261466767109
0.7907257122143633
0.8749069383728041
0.8411969884091518
0.7927428502116249
0.8785036984761473
0.5839553981816286
0.7403348218813355
0.22006704734294705
0.8273541163899985
0.7044443297879596
0.9491068026609436
0.8592445639091126
0.5478770282725172
0.6153891501796391
0.7441506082809778
0.6762707776263827
0.7559949899697942
0.5747713881951304
0.872625727227133
0.7572235434099817
0.673698748739956
0.4823219220476194
0.8497395777935055
0.5858498183250308
0.8369966562105007
0.872625727227133
0.8620749054516049
0.8498274802066952
0.953407475087698
0.5013329812088337
0.8294654207862718
0.7130722072772415
0.13578469070193064
0.9438035545049599
0.8276930201149099
0.5308492623014238
0.867956974213624
0.5193989024901082
0.7197066914273942
0.8200389945732314
0.6932259823130439
0.7496961495189034
0.18653346936732862
0.826864535886056
0.7675484133692675
0.6527883778392355
0.7646541975658866
0.8350246281487214
0.7082694400410606
0.630969931989942
0.9037276341559946
0.22006704734294705
0.7296675816597931
0.5697193350301409
0.3173966902414296
-0.03556493739468599
0.6938444136323056
0.7785728010401309
0.9539769174441781
0.8924558860548436
0.8005719763296661
0.17194638834454576
0.7942389816855335
0.41269611711060716
0.6183787881228571
0.500983996585749
0.45040038312889114
0.8000467428257729
0.7878084359843774
0.9216417851408347
0.22006704734294705
0.6991432432270325
0.8308352397202218
0.22006704734294705
0.4637052022105013
0.7164556752001099
0.6829178222019261
0.7975566464101237
0.877844027591609
0.7784932287047788
0.7257441490628169
0.9126445337061654
0.8654291489595307
0.9004132314775141
0.42249273820023653
0.4983354618710321
0.6735199072001152
0.2625158234404057
0.8639733152953243
0.8223980845941984
0.3131927329508509
0.47348273927527773
0.9869183685512984
0.07218541529013311
0.9543161661574268
0.773533961437125
0.6824231677867699
0.8016846307046747
0.8892134391899892
0.834916096959298
0.6001732705746535
0.671023375311102
0.7237250400734833
0.9079571492083343
0.6647458540450949
0.7064575398742625
0.7552976130907196
0.6175522358680803
0.43840557274420333
0.921216925304693
0.7113051418530325
0.7256813171702069
0.7209364923735367
0.7405568008301048
0.7105266646926868
0.6800108659191567
0.40117051420024674
0.8287664674883205
0.928758835063705
0.6725852271644552
0.942157963824899
0.8388737489571094
0.35724230945861785
0.614924153901199
0.8796712503406686
0.877103502438507
0.933923774237058
0.7534083363350622
0.8974625311621165
0.6665113038411115
0.6130491546263502
0.5868202455411847
0.8086197722465281
0.22006704734294705
0.7085519411700586
0.9568857578188751
0.6659068089779981
0.48712651720028227
0.9147911712331969
0.6850249427523242
0.5818349768190135
0.45102181830346433
0.5151223794797973
0.8152553622946812
0.7335708840002337
0.765379537722845
0.8091325372357225
0.8813091007801667
0.7878565198995043
0.9287196936377661
0.6535138208520237
0.455386865868414
0.7500107736981301
0.7067251739542074
0.22006704734294705
0.6224326133124582
0.7891121710894001
0.9219705615884527
0.4247352303885158
0.874457782807207
0.8160209893233368
0.8771603211449521
0.7630228895964661
0.8525845409878893
0.459829703800917
0.7983455834364814
0.36949379065129856
0.930336752103514
0.367009420146096
0.8955873637962662
0.3622704883789302
0.7455719503055016
0.8783171359322092
0.5379073132062259
0.4087338341001734
0.7789434275754961
0.8375680257645645
0.906909713731075
0.7462974021054195
0.5768843221063573
0.7825805305153691
0.8975096238313552
0.9637825537763364
0.8974625311621165
0.5178774549318841
0.8400021567009603
0.6556469621423915
0.9527253658687521
0.7050270793795309
0.8027622401402609
0.8528398455543844
0.6992511905495246
0.8096299315675937
0.9435998845167236
0.7191553082623436
0.6361871864858158
0.7365224292779311
0.6026304292159462
0.692114882409427
0.7460856031252502
0.7755836932874756
0.9037816597703471
0.539452023707435
0.8069726021278566
0.4819516103291841
0.8561717528882674
0.6104683858192753
0.9021311080787259
0.3702704863234413
0.7032067719976406
0.49685276838387693
0.8272938339222959
0.8133257865876983
0.8828352660517252
0.7138669837405358
0.8419554314424307
0.8947083450158095
0.5176972569532278
0.7740646060775193
0.5100498266209872
0.8438600540573891
0.7615335237489786
0.8606726542265124
0.8100909921976636
0.8996964246283516
0.9288062191935026
0.9505697338167937
0.7938663233092849
0.806644459189618
0.19081333824788768
0.8974126525802766
0.8515889682092238
0.8568560238495426
0.9522809905945312
0.7139460673051294
0.6451465135129817
0.7559576763988815
0.5584936771393655
0.8721954852804477
0.6305216581498531
0.9172026908188864
0.7289282334154126
0.7810976317642087
0.9119731161587827
0.7139197889874054
0.8109906280790983
0.8433163097007753
0.9527312391252645
0.4425987883910242
0.7218839186123791
0.9713414676086912
0.4847546105951414
0.549301502461557
0.8472086882160119
0.9038583450196607
0.9623592028197383
0.9705002979776938
0.687827276722629
0.7980536940616016
0.4714743740209243
0.6562890909145648
0.750095561924988
0.6423112966783239
0.7006822243193703
0.8300180902652747
0.8136054385565445
0.8344643578150869
0.39005193878398803
0.8117216741755667
0.5384243494005867
0.22006704734294705
0.6690475350743298
0.7269152895627705
0.7584907485360419
0.547419070882414
0.28747509455903686
0.872625727227133
0.8451866930126535
0.9153772277825075
0.5601485184071193
0.6495516338731416
0.8747471471557169
0.7735190093966984
0.8066870354239463
0.8355654397411975
