0.7096
-0.0675
0.9007
1.8886
0.7537
0.9939
0.4676
1.0012
2.8544
0.5695
0.7693
1.5084
0.8983
0.9794
1.0583
6.0975
4.5189
1.0163
0.78
1.6368
1.0135
0.5661
-0.8244
1.9796
2.0558
1.4131
1.3187
0.9696
2.2366
1.0183
0.8651
0.3901
1.1948
3.032
0.6926
1.2445
0.8984
1.1307
0.8842
1.6926
1.3474
0.9213
0.5247
1.6557
1.0903
0.9725
1.0667
1.1136
0.965
0.4274
1.3051
1.9347
2.8096
1.1042
1.1984
0.7524
3.1421
0.9335
1.4297
2.309
1.1698
0.9088
0.9243
1.0849
0.9764
2.3311
1.1266
2.073
0.9737
1.4641
0.9975
1.2358
1.1677
0.826
0.8816
1.6888
0.746
0.8456
1.0216
0.9816
0.9653
0.5139
0.971
1.3373
0.6884
0.9461
1.4304
1.3604
0.9703
0.9274
1.1861
2.0426
0.7465
0.5256
1.0449
0.3903
1.3295
1.7334
0.9268
1.0004
0.8911
0.9129
1.0034
0.3833
4.3658
0.8994
1.0443
1.5962
3.0662
3.5384
0.918
1.7348
0.8228
1.1345
0.9835
0.9293
1.1037
0.8175
0.0281
0.4873
-0.7662
0.178
0.2931
0.09
0.6785
0.7755
0.9886
1.0025
1.0286
1.1646
1.1038
1.202
0.9006
0.8684
0.3578
0.6733
0.9708
1.5053
1.3181
1.0018
1.2331
1.034
2.2306
2.0833
1.3209
0.5737
1.1982
0.774
1.0959
0.6399
1.0071
0.8974
0.7653
1.109
0.4493
1.2196
0.6829
0.7482
1.8473
0.7276
1.2834
1.0569
0.8155
1.1439
0.9349
0.3419
0.627
1.2471
1.6552
-0.0018
2.1003
0.8854
0.7283
0.5431
0.6062
0.5569
1.724
0.9603
0.8676
1.0803
0.909
1.1775
1.047
0.9369
0.9612
0.9008
1.0835
1.0989
0.8339
0.964
0.9622
0.9968
1.1183
0.732
1.0005
0.9721
0.9806
1.8661
0.9102
0.9253
1.7885
0.7652
2.2524
0.7513
0.6354
2.9378
1.0991
1.0605
0.8356
0.8419
1.2246
0.8813
0.9269
2.1671
0.9769
0.8421
0.9825
2.1556
0.9498
1.142
1.0288
1.0794
1.1577
2.1831
1.5484
1.6072
2.4941
1.2253
0.9455
1.05
1.096
1.1785
0.611
0.8104
1.1144
0.2177
0.8354
0.6397
0.7714
-1.6593
1.7517
0.9319
0.761
0.9014
0.1606
1.0906
1.0343
1.5277
1.0264
1.0301
0.8611
0.7611
1.3821
0.9026
1.2277
0.8679
0.5844
1.0033
0.6484
0.8954
2.9995
0.6865
1.3217
-0.5262
0.0102
1.2556
-0.1979
0.7998
0.9647
4.1959
0.9127
1.2091
0.9427
1.0648
0.5533
0.8796
0.9858
1.0963
1.4302
1.02
1.1882
2.3299
0.9695
1.0254
0.856
0.7231
1.3595
1.0196
0.8238
1.6718
0.9115
0.8974
0.9519
0.9715
0.8294
0.9955
0.9954
0.9955
0.7635
2.3993
0.7367
0.5208
0.9351
0.9493
0.9835
-0.4126
1.1015
0.6687
0.7387
1.1401
1.5574
1.3324
2.8593
1.0097
1.3188
1.2244
0.7622
0.7397
0.7769
0.4804
0.7976
0.7583
1.1663
0.3394
1.8964
1.4594
0.631
0.91
1.1374
0.3059
-0.0412
0.7933
0.6078
0.7659
1.0136
0.8686
0.8333
1.1011
1.03
1.0567
0.9312
0.5854
0.9098
1.4604
0.9506
0.6636
2.025
1.4034
0.9304
1.0276
0.6912
0.9452
0.9788
2.0057
0.9547
0.9224
-0.4174
0.8556
2.2247
1.403
0.695
0.8246
0.9703
1.162
5.2233
0.9055
0.4017
0.904
0.7603
1.1279
1.1986
1.1698
1.5715
1.2261
0.9965
0.9131
2.1679
0.6694
1.4377
0.978
1.0026
0.594
1.5985
0.9726
1.1676
1.161
0.9892
1.4166
1.5466
1.0104
1.0757
0.9906
0.9147
1.0016
1.2057
1.1777
1.2418
0.7452
1.0297
1.4386
0.7466
0.688
1.2228
0.8777
0.3302
0.9056
1.4154
1.0369
0.5628
0.9893
0.9223
0.6132
0.7985
0.1147
1.0276
0.8134
0.8891
0.5499
1.1839
0.6582
1.4819
1.154
2.4022
0.9084
0.5766
0.6976
0.8032
0.8588
0.6971
1.1563
1.0567
0.5521
-0.3584
1.133
1.1469
0.9531
0.8057
0.9761
2.8836
1.1229
0.9292
0.8025
0.6928
0.5565
0.8814
0.7477
0.3461
0.9492
1.1843
1.6206
0.9426
1.377
0.9157
1.1798
1.0229
3.2925
1.3277
0.9694
1.0038
0.6193
0.9626
0.8357
0.5324
0.9978
1.0648
1.3399
0.7839
1.0185
0.6387
0.9438
1.001
0.8232
0.6862
0.7334
1.5961
1.08
1.1161
2.0557
0.8623
1.0333
0.7577
7.5005
0.9883
0.9024
0.9323
0.8426
0.9967
0.7764
0.8729
0.6637
1.0281
0.8191
1.0782
1.1898
0.6635
0.7055
0.8425
1.2136
0.9985
0.5468
1.0087
1.2064
1.3455
1.1232
0.8905
0.4217
1.2842
0.9148
0.2277
0.9982
0.7794
1.2937
0.9348
1.0517
1.0373
1.0564
1.0168
0.924
1.6256
1.0325
0.8075
0.9832
0.6693
0.9068
0.9342
1.2395
0.3462
0.9121
1.7495
1.0546
0.9185
0.9953
1.2291
0.5404
0.8165
0.9212
0.8795
1.0089
1.0195
4.4964
0.8793
1.1267
0.9413
0.8583
0.8974
0.9495
1.0582
8.3524
0.9529
0.478
6.5835
0.8412
1.0353
0.4811
-0.0558
1.6339
0.7459
3.696
1.2675
1.0657
1.3128
1.7827
0.9707
1.2665
2.6609
1.0405
1.1802
0.5299
0.9222
0.8679
1.7735
1.3432
1.8689
1.2316
0.9302
0.8146
1.0887
0.6321
3.3743
0.8265
1.4784
0.8174
2.7678
0.2995
1.8143
1.2159
0.8569
0.915
0.8447
0.9256
0.795
0.8771
1.2144
0.3942
2.3022
0.8815
1.1224
1.1058
3.2121
1.0328
1.0172
0.8252
1.0322
0.8776
0.9871
1.3089
0.7465
1.3175
1.1663
0.8263
0.5306
0.948
0.6828
1.308
1.7712
1.0337
1.1851
1.0536
0.9574
0.9994
0.9935
2.6513
0.8008
0.9795
1.025
0.6595
0.9735
2.0518
-0.3815
1.4325
1.1609
1.9018
-0.3651
0.9494
0.6598
0.8157
0.9991
1.0377
0.5568
1.4699
1.1031
0.8516
0.7099
0.7169
0.8506
0.9146
1.2103
0.9945
0.9267
0.9471
0.599
1.0344
0.7788
2.6221
0.8319
1.3196
1.0249
3.4793
0.8003
2.0809
0.8002
1.2022
0.9649
0.9603
1.0351
1.347
0.9591
1.0494
0.8788
0.8016
0.7228
0.9665
0.9804
0.9733
1.0004
1.2006
0.9611
1.3937
1.0585
2.0127
1.0492
1.0924
0.985
0.9472
0.9649
1.1146
0.79
1.0087
0.6229
1.0687
0.9879
2.9481
2.5129
1.0031
4.5531
0.7639
1.5288
0.9978
2.6176
0.9337
0.333
0.8031
0.7827
0.905
1.001
1.1976
0.7533
0.8797
1.0339
1.5873
0.896
0.8943
1.5699
0.9215
0.7624
0.5377
1.1278
0.8206
0.6474
1.0135
0.8212
0.9055
0.8641
0.8305
0.0628
2.1264
0.9057
1.1258
0.878
1.0332
1.6507
0.9279
0.955
2.1496
0.6928
3.0541
0.7914
1.0674
0.9712
8.1774
0.9746
1.3716
0.6407
0.7721
0.966
1.073
1.0767
1.0201
0.9767
0.8543
1.1253
2.4522
1.0662
1.6166
1.9391
1.1287
0.9812
1.0549
1.0463
0.9133
0.6548
2.7613
0.8355
0.9074
-0.8933
1.4029
0.6073
1.0303
0.9344
1.0527
1.1834
0.9339
1.0256
0.8783
1.149
0.8185
0.6338
0.7541
2.312
1.0246
0.9573
1.0431
1.0009
1.4956
0.9029
0.9006
0.8671
0.9496
1.603
0.7374
2.8161
1.4162
1.05
0.4314
0.8307
0.8745
1.4599
1.2307
1.0279
0.8482
1.245
0.9741
0.8612
0.9108
0.5353
0.5308
0.924
1.1908
0.93
1.1008
1.2567
1.345
2.4823
0.8238
1.8022
2.2162
1.1064
0.5661
1.0288
0.547
1.0641
2.6422
0.9223
1.2191
0.6342
1.2996
0.4914
0.7607
1.2308
0.9384
0.9677
1.167
1.0008
3.6463
1.4103
1.0052
1.0637
0.7053
0.6667
0.9594
1.0546
1.2922
0.327
0.9873
0.8246
2.7067
1.4328
1.3729
0.8605
0.9719
0.692
0.9819
3.557
0.321
0.9935
3.8156
0.9946
0.6525
2.2643
1.6547
0.8838
0.991
0.9702
0.7847
0.5491
0.5047
1.0782
1.5265
0.8697
3.5216
0.8638
0.8363
0.9607
0.8851
0.162
0.8524
1.1489
1.5991
2.0767
0.8645
1.0594
0.9304
1.5371
0.9036
0.9943
1.1517
0.938
0.9916
0.5526
0.5414
0.8229
1.9724
0.7284
1.6239
2.1602
0.4825
0.9164
0.8845
1.7299
1.7996
0.9316
0.8747
0.9385
4.7953
1.0718
1.2096
1.7808
0.9345
0.9481
1.8702
1.5124
1.0456
0.9598
1.4992
0.7879
1.4209
1.0294
0.8603
1.1019
0.7211
0.9624
0.9607
1.1812
0.1775
0.7789
0.9313
1.6667
1.0393
0.2984
-1.621
2.7904
0.9744
0.9797
1.4053
1.496
0.9876
0.918
0.8062
1.1806
1.0261
0.885
0.9931
3.0656
0.9208
1.0031
0.7465
1.4886
1.6273
2.0329
0.7777
0.95
0.8998
0.9352
0.8786
0.7569
1.0657
1.4306
0.6386
5.8807
1.4299
1.9696
0.9623
0.9117
0.8996
0.9961
0.7482
1.0008
0.9836
0.9006
1.1482
-0.1524
0.132
1.0207
-1.915
0.9446
1.2429
1.0658
0.684
0.9515
1.9202
0.8545
1.2404
0.9163
0.8281
1.2329
1.4886
0.9149
0.9472
1.0051
0.5836
0.9507
0.6958
-1.7372
1.9019
0.1754
0.9571
0.9146
4.0026
0.9048
1.0575
1.1204
0.9657
1.4601
0.9606
1.2834
1.0799
0.8804
1.0732
1.0113
0.9832
0.8354
1.0192
1.011
2.4984
0.975
0.7915
1.3626
1.0313
1.3122
0.9375
0.8548
0.5732
1.4703
2.1833
0.9042
2.1667
0.8214
1.7613
2.5692
0.9784
0.7739
2.2703
0.1823
0.5236
1.7811
1.036
2.3273
1.0218
1.4493
1.3282
1.0048
0.8103
0.6596
1.04
1.033
1.7063
1.026
0.9781
1.3796
0.7927
3.5252
1.2467
1.0182
0.9813
1.1619
0.9496
1.0148
1.0675
1.0515
1.0965
0.843
1.0735
0.6041
2.9783
10.0279
1.2779
1.0085
0.845
0.8662
0.4349
0.775
0.5582
0.6802
0.8285
0.9941
1.3799
0.9001
1.0676
1.1031
0.7895
-0.1282
0.8145
1.2644
1.0883
0.9938
1.5653
0.661
3.6375
1.2942
0.6478
0.9943
2.3968
0.9033
0.803
1.0646
1.0279
0.873
1.17
0.7357
0.7974
0.9656
-0.4525
1.0046
2.1003
3.2733
1.7773
0.9704
0.5907
0.8491
0.8463
1.1916
0.97
-0.017
1.9656
1.0563
1.0525
0.8198
1.0648
1.3259
1.1514
1.1719
0.9681
1.7952
0.9109
0.9657
0.729
0.8464
1.1061
1.1594
1.4341
0.9056
0.1345
1.586
1.1154
0.6822
0.8873
1.0632
-0.786
0.8226
0.4438
0.9801
3.0318
1.0699
0.951
0.9428
0.7601
0.7453
1.0474
-0.3906
3.4656
0.9671
2.1759
0.9467
2.7707
0.8124
1.325
5.4249
0.9829
0.7588
2.4009
0.6964
1.6489
4.5688
0.9259
0.553
1.537
1.5538
0.9876
1.0066
3.6759
4.8543
0.7054
0.9103
1.2966
0.7603
0.8049
1.1006
1.1039
0.9804
1.3287
1.0412
1.0403
1.254
1.3026
0.9148
1.006
1.2106
1.049
0.9796
1.0743
1.0179
0.6607
0.9563
0.6076
1.2176
1.3306
1.0112
0.2088
0.8027
1.2885
0.7694
0.6625
0.4913
0.7659
0.7746
1.0966
1.1386
1.4414
0.6484
0.6564
0.8493
0.8945
1.0852
1.181
1.0351
-0.0888
1.8456
0.8437
0.9966
2.7058
0.7371
0.3837
0.3222
0.9545
1.0607
1.0063
0.7827
1.2736
1.0518
0.9435
0.9135
0.8935
1.1343
0.3219
0.8209
0.801
1.2508
1.6137
0.688
1.3267
1.1197
1.331
0.9741
0.679
4.8414
1.0782
1.0743
1.0666
2.2003
0.9128
0.9144
1.1426
1.204
1.2483
0.8506
0.9757
1.0581
6.7813
0.8977
1.1733
0.7801
2.5082
1.0064
0.9914
3.5264
0.767
0.9347
0.9735
0.6269
1.6476
0.8163
0.8173
1.1073
1.1555
1.8924
0.8861
1.2201
0.9636
1.0273
0.9416
0.9732
0.8426
0.9363
0.0409
1.1216
1.0516
0.7347
0.2188
1.0144
0.9864
1.0708
0.1575
1.1219
0.9684
0.7099
0.8719
0.9516
0.8456
0.9318
0.9536
0.8757
0.962
1.5925
-0.7751
0.9681
0.8033
0.9295
0.9907
1.9672
0.5004
1.2427
1.0628
1.1652
2.5242
1.058
0.7169
1.1419
0.9284
4.4568
0.9881
-0.7463
1.275
0.8948
8.359
0.8008
1.1466
0.6164
1.0738
0.9136
0.9368
0.8763
0.8626
-0.9798
1.3056
1.3857
1.1047
0.7864
1.3239
1.1622
0.7254
-0.1222
0.9007
0.7272
1.2424
0.9928
2.5235
0.8745
1.0849
0.8136
0.825
0.968
1.2732
0.5479
3.8478
1.874
0.9067
0.8724
1.0692
1.001
1.0879
1.4883
0.9613
1.0368
2.7983
0.9398
1.3472
1.0749
0.9699
1.2207
0.9932
0.9301
1.0242
0.9278
1.5285
1.0708
1.1605
0.4229
0.9867
0.766
0.8637
0.9622
1.1309
3.328
0.4415
0.8041
0.5559
3.1728
1.8326
1.159
-0.7784
0.5653
0.8131
0.9916
1.2807
0.9325
0.9016
1.0386
1.1005
1.156
16.1397
1.0562
-0.0524
0.3434
0.8532
1.2809
0.9034
1.123
1.1956
0.9178
0.7645
2.0226
0.6091
0.9066
0.8943
0.8948
0.9509
1.1909
1.1254
0.4491
1.4136
0.9789
1.1482
-0.2499
1.4956
1.1347
1.0165
0.9803
0.9975
0.8125
0.9951
2.1492
0.9732
1.0387
-0.1621
0.6674
2.1967
1.3668
1.5133
1.4735
1.1539
1.0411
0.1085
0.6661
4.4381
0.969
1.224
0.8955
5.6277
0.7728
0.9392
0.943
1.0072
1.2504
0.9982
0.5703
1.0215
1.0205
1.0969
6.1126
0.7068
0.792
0.6142
0.9551
1.1148
1.2155
0.9334
3.7018
0.7449
0.9836
0.8877
0.9493
0.8599
1.6056
0.5914
0.9626
0.3559
0.841
0.7276
0.6167
0.6939
0.9084
1.4075
0.9586
0.9418
0.8944
1.0746
0.7869
1.5515
0.9977
0.7556
0.1344
0.9858
1.5738
0.944
0.6913
1.5383
0.6719
0.2648
0.7944
0.9085
1.0449
0.7399
1.0069
0.9519
0.9499
0.9162
0.9921
1.0188
0.9882
1.2907
0.3127
0.2754
0.3698
0.948
1.0802
0.6841
0.9771
0.8299
1.545
-0.1129
0.8606
1.0997
0.9637
2.0583
0.9174
3.1053
0.857
5.7327
0.9595
0.897
0.9323
0.8729
2.1733
0.8768
0.9602
0.9685
1.8108
2.1116
1.1091
1.4707
0.9386
0.5457
0.9755
0.8042
0.9721
0.8865
0.6189
1.2026
1.3354
1.0238
0.915
0.6951
0.6447
1.0577
0.9479
1.1288
3.2046
0.9608
2.4436
0.8699
1.2855
0.9465
5.5381
0.4598
1.0119
1.8633
0.6873
0.9182
0.9162
2.0429
4.7773
0.9889
1.0251
1.5351
0.8339
1.0037
0.9777
1.0115
1.4149
1.202
1.5031
0.7171
1.2518
1.0457
0.7988
0.9981
0.6628
0.9754
0.9856
1.0089
0.9747
0.8909
1.049
0.8636
0.9149
1.0714
1.3243
0.8168
0.8405
0.9063
1.8388
5.9881
0.3237
1.3516
0.7669
-0.0512
1.067
1.083
0.4775
0.5601
0.8915
0.4675
0.9724
1.8609
0.972
1.0837
0.707
0.8998
0.7348
1.1915
1.1109
0.9914
0.8569
0.8991
0.9427
0.6336
0.849
2.9639
0.9845
0.369
1.1236
8.5625
1.32
0.5406
0.8563
1.2385
1.079
0.4365
0.994
0.9989
1.2472
1.0904
1.0758
1.0343
1.6899
0.9094
1.4481
1.0171
1.1017
0.8228
0.0922
0.9892
0.5466
1.7178
0.7695
0.6828
-0.852
0.6798
0.7721
0.9521
1.1292
0.9131
1.1678
1.1793
1.0474
0.9918
1.001
1.0939
0.9804
1.1468
1.1383
1.4123
0.7939
1.0325
0.9443
17.1235
0.4306
0.4956
1.3966
1.029
1.49
1.0825
0.4528
0.8288
1.6831
0.8504
0.7936
0.9148
2.2509
0.8063
1.2393
0.7548
0.8355
0.9871
0.9897
0.9134
1.2381
0.5748
1.1515
1.0002
0.9411
0.1606
0.8345
0.4094
0.9315
0.744
2.7083
0.8764
1.3906
1.1092
1.0356
1.0988
1.1192
-0.2384
1.0619
0.9418
1.8055
1.0617
0.9876
0.9308
2.6881
0.9539
0.6021
0.9257
0.3084
0.9148
2.0821
1.0729
1.537
1.1308
0.9303
1.0252
1.1229
1.3731
0.9364
1.5445
0.7268
1.1435
1.4775
0.8811
0.1436
1.0572
0.9905
1.0078
0.9855
0.9047
0.1629
1.0064
0.9498
1.0835
1.1917
1.5497
0.9232
0.9117
0.686
0.783
0.7337
0.9152
1.063
1.1282
1.633
1.7414
0.5198
0.9806
1.0096
2.3554
0.5215
3.4588
0.9602
0.55
1.7552
0.9919
0.9539
0.7571
2.0603
1.04
0.8888
0.789
1.0129
0.7013
1.0381
1.1351
23.3056
0.8897
0.8966
0.9845
2.4875
0.8769
1.2539
1.7574
0.8068
0.997
1.3189
1.3418
1.2503
1.1816
1.0104
0.5343
1.0059
-1.0396
0.5524
0.9345
1.2877
0.836
1.1317
2.7252
0.6825
0.9606
0.9931
1.9725
1.4983
0.9086
0.8979
0.8452
1.0523
1.2381
0.637
1.3763
2.0053
1.0754
-0.4939
0.3203
0.7612
0.9808
1.0383
1.2694
1.1964
0.888
0.0091
0.9547
1.0944
4.5805
1.11
0.9085
0.1217
1.0868
1.0004
0.1231
1.3635
0.9245
1.0156
1.0295
0.9621
3.5821
0.9152
1.3031
1.0008
1.2118
0.6957
0.8321
0.5044
0.4747
0.9208
0.4025
1.6688
0.8519
0.9853
1.0543
1.0389
0.2126
1.0134
0.88
1.305
0.8816
1.348
2.8451
1.0789
1.0894
1.0058
0.8964
1.2845
0.8974
0.8881
1.0251
1.0064
0.6214
1.0816
0.8629
0.8629
0.9011
0.5765
0.9194
0.8067
0.9041
0.6616
1.3935
0.8816
0.6317
1.1385
1.0814
1.2401
0.3631
-0.1091
0.9808
1.0333
0.4106
1.0601
3.2065
1.4895
1.0024
0.9637
1.588
0.7389
0.9744
1.4372
1.8188
1.0589
0.8889
2.8779
1.4108
0.9813
0.5131
0.8613
1.287
1.1871
0.8526
1.0844
1.034
2.6049
1.6571
0.7178
0.9546
0.8749
0.9021
1.1244
0.8632
0.9264
0.9473
0.7881
1.1985
1.1652
1.2127
0.9711
0.9268
1.1156
0.8366
0.9236
1.806
1.3527
0.8559
0.5143
0.9913
1.4692
1.0689
0.606
0.9947
1.0209
0.8567
2.4082
1.9121
1.4627
1.2182
0.8727
0.8004
0.9591
0.6927
1.1422
1.2271
0.6423
1.0453
2.0183
0.8336
1.0293
0.9689
1.0478
1.1555
1.1759
-0.9559
0.3664
0.9503
2.1282
1.2916
0.763
0.1906
1.2413
0.9917
0.8677
0.4942
1.2436
0.8603
1.2055
1.1784
0.8342
1.2249
1.0657
1.0545
0.9937
0.707
0.0417
1.2283
0.8219
1.0944
0.8731
0.9361
0.8784
1.0541
0.4068
0.7672
0.9146
1.5619
1.8517
1.71
0.721
0.7623
1.1871
0.547
1.1219
1.0039
1.1499
1.6638
0.9405
-1.9759
1.5583
0.5245
0.3349
0.9357
0.9509
0.9513
0.627
0.866
2.3188
0.6729
0.7039
0.977
1.0724
0.843
0.1954
0.8514
1.0815
0.9603
0.9492
0.9019
0.9152
0.3981
0.9569
0.7839
0.3755
0.9356
0.7859
0.9504
0.9498
1.235
0.5942
1.0279
0.3837
0.9425
1.8879
0.6538
0.7014
1.9337
0.928
0.8384
1.7915
0.7473
0.8558
0.936
0.8882
1.4644
2.0729
0.8338
1.0053
0.3669
0.8739
1.2422
4.9634
0.4307
1.0718
0.1834
0.8602
0.8334
0.9686
0.9484
0.9767
0.9926
0.1808
1.856
1.4203
0.0647
1.1608
1.1081
2.5404
1.0837
1.0373
0.9066
0.9856
2.2376
1.7559
0.81
1.1643
1.1699
1.0003
1.5056
1.0764
0.7736
1.3712
0.9927
0.9075
0.9244
0.5358
0.8167
0.88
0.9906
1.0663
0.7822
1.9401
1.3072
0.7702
1.0157
0.9924
1.0498
0.8276
0.8817
2.0271
1.6507
1.0443
0.7718
0.7329
1.1314
1.7114
0.9371
0.993
0.9218
1.1585
0.8531
0.8652
0.7525
1.1306
0.8943
0.9481
1.0148
0.9062
0.9988
1.0216
5.174
1.1066
2.7209
1.4224
1.799
0.6581
0.8485
2.0592
1.0112
0.7745
0.6458
0.8585
1.0227
1.247
2.0841
1.2382
0.9963
0.9171
1.0157
2.6071
2.4212
1.2664
4.0425
0.3137
0.6843
0.8946
0.6346
3.2703
0.8694
1.2711
0.4585
0.832
0.9066
0.947
0.9879
0.3468
1.7196
0.8928
1.691
0.7472
0.9633
0.9695
0.9859
0.7491
1.1141
1.0362
3.3787
1.3178
1.0666
0.9142
1.0315
0.9292
0.9004
1.0084
0.9176
1.3957
0.9282
1.002
0.9639
1.4176
1.0158
0.9104
0.72
0.9053
0.7524
0.9794
0.7622
0.8702
0.8652
1.213
0.8947
1.1565
1.0344
0.8846
1.036
0.4226
0.8759
1.2949
0.5447
1.3051
0.8227
1.6881
0.9145
1.3316
3.8486
1.3141
1.0754
0.9478
0.2886
0.683
0.8592
1.1903
0.6489
1.4872
1.2268
1.2902
0.9879
0.4398
0.8989
1.1377
1.0259
2.2373
1.0694
0.8752
0.8869
0.9811
0.7579
0.6843
0.9905
2.1894
0.9715
0.2847
0.9246
0.7922
0.876
1.1315
1.0955
1.038
0.2299
1.5328
0.5583
0.7716
1.0387
0.988
0.2803
0.9913
0.8188
0.7377
0.5865
0.9302
8.8745
0.901
1.6947
1.2951
1.9131
0.6129
0.8789
0.6756
0.9238
0.8891
1.6837
2.1627
1.2131
0.7229
1.2188
0.9741
0.7543
1.0358
0.7867
1.9631
0.9857
0.9345
0.8101
1.0035
0.6805
0.9058
0.8364
0.9546
0.3087
4.3736
1.1028
0.7255
0.9947
1.425
0.981
1.1462
0.725
0.9783
2.066
1.3147
0.1065
7.0447
0.9898
0.8999
1.2683
0.841
1.3453
1.6181
1.0027
1.0293
0.9599
0.9812
1.156
0.6513
0.8249
0.9391
0.8285
1.2319
1.2016
0.6283
0.8613
0.801
1.0435
0.7898
0.9789
0.9724
0.4701
0.9094
1.0113
1.4461
0.2111
1.5854
0.9408
0.9821
0.9066
1.1615
0.9998
1.5389
0.9872
1.1399
0.6956
1.1211
1.3185
0.7137
0.7266
0.9635
7.4466
0.9979
2.392
1.062
0.9747
0.7654
1.311
0.6124
0.8202
0.7228
1.0081
1.9721
1.1562
0.7771
1.7453
0.6302
1.0043
0.9787
0.8933
1.3066
0.7201
1.605
0.8221
0.9342
1.0392
1.4351
0.906
5.5798
0.591
-0.3602
1.0662
0.7721
0.7349
1.136
3.3986
0.9719
1.0072
0.9396
1.0015
1.2371
0.8121
1.0724
1.1826
1.4079
0.9875
0.8917
0.72
0.6246
1.0007
0.9656
0.8356
0.8396
0.9142
0.8545
1.0069
0.9799
0.6002
0.99
1.9533
0.3887
1.2894
1.2616
1.8454
0.9715
0.9828
0.8641
0.4901
1.0927
0.7498
0.6545
0.7288
1.2157
0.6021
0.5077
0.5218
1.4573
1.02
0.8285
0.8949
0.5175
1.0917
1.4815
0.2737
0.5935
0.8427
2.3826
0.8512
2.2166
0.9758
0.4947
0.9624
0.8743
1.2473
0.6812
0.8654
0.9592
0.8469
1.0632
1.0548
1.0539
0.5984
1.4584
0.9928
0.8604
0.9176
0.8219
1.4128
1.8378
1.484
1.0063
0.6964
1.114
0.6351
1.0627
0.9577
0.8365
0.6236
0.8666
0.7576
0.5548
0.9845
0.9086
1.681
0.9197
1.1231
11.9814
1.3316
0.6471
0.9934
0.9588
0.9508
1.2089
0.9986
0.926
0.9475
0.9519
0.9177
0.86
1.6486
0.5293
0.8557
1.0316
2.6145
1.0924
0.8996
0.734
1.0179
0.9621
1.0536
1.3251
0.8407
0.9861
0.8374
1.2985
0.9523
0.5831
0.8341
2.884
1.689
0.9198
0.9828
0.9001
1.1115
0.8981
0.9721
0.8386
0.9435
0.9658
0.6506
0.9599
0.986
2.3564
0.711
1.9218
-0.9384
1.7411
1.9627
1.0948
0.9652
1.1736
0.4416
0.96
-0.0212
1.2145
0.7852
1.1841
0.8413
0.969
1.0817
0.9713
0.9959
0.8309
0.2384
0.982
0.7933
1.0829
0.821
0.3562
0.877
0.9829
1.2977
-0.0091
0.9308
1.0186
0.7764
0.7828
1.066
0.9545
0.9118
0.9156
0.5354
0.9985
0.8584
0.94
0.5152
1.1217
1.3048
1.0208
0.8923
1.4674
0.5726
4.5488
0.9158
1.0354
1.1845
0.5767
0.8698
0.7452
1.0402
0.946
1.1337
1.0245
0.7326
0.9635
1.3673
1.0891
1.2293
0.8812
1.6715
0.875
0.8535
1.7492
0.9091
0.8858
0.4911
-0.327
0.7849
1.4485
0.6027
0.6143
1.5047
0.9829
0.9687
0.9688
0.9786
1.2599
0.4756
0.9982
1.0205
1.2161
0.6527
0.648
1.885
3.9037
0.6498
0.9999
0.8639
0.6906
0.5925
1.2126
1.0026
1.116
0.9001
1.0942
1.4274
0.7167
0.7454
1.2022
0.9532
1.1595
2.959
0.9456
0.4829
0.7338
1.1862
1.6661
7.2845
0.2656
0.9176
0.897
1.0869
0.755
0.9438
0.7148
0.6638
0.9785
3.0241
0.9975
1.6801
1.0271
0.6583
0.7354
0.0057
0.9977
1.2757
1.106
1.0528
0.9941
0.1952
0.8148
0.9474
2.1552
0.9987
0.7982
0.9088
-0.1202
0.9459
0.7017
1.5894
0.8533
1.145
1.1767
0.7784
0.9791
0.9393
1.2028
1.2222
1.7551
0.9996
0.5965
1.2926
1.1234
1.0626
1.4475
1.1344
-0.609
1.5797
0.6707
0.8593
0.6763
1.5487
0.2168
0.9121
1.1352
0.8413
1.2771
1.0201
0.8287
0.4698
2.418
0.1456
1.2534
1.0018
0.9174
1.6786
0.9767
0.5792
1.5841
1.2624
1.3611
0.7914
1.4887
0.9336
7.1501
0.6493
0.7151
1.0746
0.7186
0.161
1.3832
0.9659
0.9642
1.2321
0.7239
1.0861
1.07
1.5381
0.6717
0.8903
1.2549
1.9821
4.9744
0.9118
0.9736
1.0809
1.0303
0.6996
0.7339
0.8564
1.0931
3.3214
2.2332
0.9612
0.4454
2.5765
0.9435
2.1881
0.6424
0.9875
0.9105
1.0092
0.9362
0.9736
0.9408
0.8975
1.6395
0.7192
0.8011
0.9859
0.9788
0.9642
0.9623
0.759
0.0017
1.0131
0.6329
0.9747
0.0822
1.0023
1.0624
0.4681
1.2593
1.1906
1.0402
0.9255
1.0216
1.2415
0.9644
8.9238
0.9572
0.9418
1.0654
0.986
0.9472
0.9241
4.8347
0.9956
0.6494
6.4515
0.6184
0.8949
0.9823
0.9751
1.1184
0.4805
1.4665
11.9474
2.7138
0.6421
0.8954
1.4349
0.3944
9.165
0.9977
1.0846
0.6681
0.9807
1.0919
1.0217
1.0392
0.4553
1.4677
1.0731
0.8596
2.96
2.1756
1.4453
1.0267
0.7619
0.9016
0.8129
0.9823
0.9507
1.0314
0.9199
2.0511
1.4722
1.3017
0.9462
1.3336
1.2073
1.1826
1.0022
1.2818
0.9971
1.235
1.1908
0.8409
2.6197
0.7534
0.9044
3.7567
0.0142
1.4326
1.1386
0.8944
1.1489
1.5208
-0.0709
0.1064
1.1723
1.3089
1.0254
1.4681
0.8951
1.0924
0.6849
0.9104
1.3585
1.1686
1.2723
1.1354
0.1559
0.9948
1.0763
1.4011
0.8055
1.4416
1.0468
0.9976
1.0967
0.9022
1.2234
1.0425
0.706
1.2528
0.936
1.1077
0.9079
-0.1696
-0.4016
3.8663
-1.7451
0.8692
0.918
1.4496
0.8823
1.0405
0.3609
0.4922
1.6146
0.9855
1.05
1.0634
1.1126
1.0133
0.6491
0.7874
1.0686
1.05
0.9432
2.9037
0.7615
0.9972
3.1339
0.4257
1.2775
1.124
0.9794
1.469
3.0899
0.7361
0.7434
0.9789
0.7435
1.8716
0.8839
0.8571
0.9452
0.7999
0.8379
1.0431
0.9814
1.5256
0.4167
1.9725
2.1477
0.8559
0.5504
1.0511
1.1862
0.9394
0.9534
-0.7222
0.7397
1.0243
1.0062
0.8288
1.0213
0.9829
0.9942
0.9915
1.4426
2.8398
1.2962
0.9438
1.3221
0.8559
0.8931
1.1081
1.5202
1.4409
0.704
0.4868
1.0154
0.7374
1.0524
0.8261
0.9507
0.9679
0.5525
1.0068
1.3527
0.8607
0.8628
0.9854
0.5564
1.0835
0.9193
0.824
1.1088
0.811
1.082
1.2701
0.8283
1.0113
0.9285
0.9763
1.367
0.861
0.9638
0.0267
0.9374
0.9502
0.9187
1.8059
0.9855
-0.0266
0.685
0.7596
0.9984
0.9666
0.9658
0.8887
1.2404
0.7436
4.5171
1.1299
0.9643
0.7208
0.8897
0.8454
-0.1537
0.9221
0.8172
0.9609
0.0495
0.9753
0.5643
1.0771
0.9332
1.4918
1.0574
0.9879
0.9901
0.9484
1.5846
1.6971
0.8781
0.8256
1.0504
0.5878
0.8702
1.8693
0.8215
0.6421
1.0254
1.4432
2.3066
0.8607
1.3137
1.2591
0.7987
0.9206
1.2187
1.6446
1.1946
1.3905
1.4282
0.4627
1.0105
2.869
0.2446
0.9959
0.6591
1.4671
-0.2322
0.9678
0.7515
0.9211
0.5514
1.3764
1.0459
0.9408
0.7502
0.9399
0.7628
1.5849
1.2313
1.1188
1.0162
0.9218
0.3702
1.5086
1.1222
1.7145
0.9585
1.0346
0.9171
1.0677
2.4741
0.8027
0.9752
0.8775
0.9371
1.0827
0.8227
0.9618
0.9876
1.2748
1.1299
1.4198
0.8396
2.0173
0.7863
0.5699
2.5255
1.6031
1.0377
0.8767
0.835
0.9962
0.9616
1.9008
0.8592
0.8299
1.0269
0.8468
0.8311
0.9802
0.5246
0.9379
0.5422
2.1619
1.7182
0.7812
-0.3278
0.7802
0.57
-0.4452
1.1863
0.8734
0.945
1.3106
0.8538
1.0182
0.9248
1.036
0.8081
7.5622
1.6417
1.2571
1.3479
1.1566
1.0909
0.9847
0.9914
1.2616
0.1324
0.5608
-0.1618
0.4629
1.1326
1.2786
1.0507
1.3749
1.1029
1.4399
1.2605
1.3723
1.0046
1.0025
0.8304
0.8913
0.8105
0.6732
0.495
2.3044
0.7706
1.0417
1.2748
1.0379
0.6007
0.4322
1.199
1.5182
0.462
0.6937
0.1035
2.7628
0.8719
0.8891
1.8842
0.4575
0.4988
0.8971
0.3989
0.6846
1.179
1.0492
1.7847
0.5999
1.1388
1.0839
1.053
0.8437
0.7029
1.0788
1.0055
0.9795
3.0995
0.9549
1.5271
1.2776
0.9636
1.644
0.9245
1.116
0.9617
0.9353
0.9618
1.2114
0.8892
1.0167
1.111
0.0404
1.6436
0.9388
1.3307
0.9367
1.1499
1.0434
0.9727
0.346
0.6823
1.2068
1.0561
0.9953
2.1451
0.9922
1.0458
1.2063
0.7639
0.9757
1.0392
0.9535
0.8316
1.2813
1.0597
0.62
0.8735
0.8642
0.8347
0.914
0.676
1.1591
1.626
2.3756
1.1063
0.6185
0.9616
0.9621
1.9017
0.8095
0.9005
1.5082
1.1864
0.891
1.2157
4.6646
0.9639
0.5281
0.9998
1.0078
0.7947
0.9785
1.1241
0.7655
0.7916
0.94
0.5748
0.5709
1.8971
1.0279
1.2971
0.9016
1.0353
0.8486
1.1046
0.8903
0.8274
1.0244
1.0087
0.4414
0.9384
0.9487
1.0215
0.0992
1.0095
0.7512
0.8537
1.5145
0.8882
1.0776
0.4445
1.0157
0.8198
0.0885
2.7256
1.0182
0.581
0.5145
2.0266
0.9109
1.3193
1.1179
1.0573
0.9436
1.0434
1.191
0.8906
0.8255
0.9811
0.7024
0.9556
0.9957
1.0794
0.8558
0.7041
1.1621
0.9652
0.9429
1.1084
0.9716
0.9461
0.7339
1.1998
1.0058
1.1016
1.3664
0.6844
1.1145
1.0362
0.8932
1.2015
0.9104
1.1019
0.906
1.0868
0.7674
0.8702
0.3648
1.0396
0.2833
1.2547
2.072
0.861
0.8528
1.3392
1.0857
1.1467
0.9398
1.1431
1.0919
0.9439
3.3947
0.6282
1.0583
1.1366
0.9523
10.279
1.0907
0.979
0.9293
1.0122
0.9503
0.9341
2.5385
0.8098
1.0962
1.012
0.8746
0.678
0.9429
1.9355
1.2229
1.3895
1.2983
2.2942
0.9819
1.07
1.0235
0.8785
0.8349
0.8737
0.6657
0.9056
1.074
1.5562
1.1044
0.9839
1.0686
0.45
1.0205
1.0984
1.7124
1.0303
1.3967
1.3621
1.9337
1.1213
1.0242
1.2704
1.3603
1.433
1.0683
0.6045
0.9785
1.1581
0.9458
1.0222
0.8696
2.0313
1.0889
0.9168
0.6201
0.8798
1.2947
1.0984
0.9457
0.9036
0.9265
1.0694
1.2842
0.771
1.4218
1.0486
0.9817
1.48
0.9229
1.9908
1.1777
0.7426
0.7062
0.8979
1.3658
1.1174
1.9093
0.4876
0.7637
0.9582
1.5612
0.9582
1.619
0.9564
1.0523
2.0276
1.141
0.9812
0.9444
1.1008
0.9091
1.2239
0.9787
1.7391
0.8988
1.2635
0.9471
1.0838
1.0937
0.9067
1.2509
6.1392
1.0634
1.2431
0.8245
1.3441
0.9849
0.7166
2.6735
1.015
1.4862
0.7796
0.99
1.0283
1.5355
0.9074
2.146
0.5989
1.1765
0.3648
0.9379
0.4438
0.9138
1.4413
1.3846
3.0667
1.0865
0.9906
1.1185
1.9933
0.771
1.1363
1.6844
0.8126
1.0329
1.6649
1.0203
1.0839
1.0911
1.4951
0.8575
1.3165
0.9244
1.0189
2.4972
0.8979
0.9852
0.9242
0.7457
0.8681
0.809
1.0918
1.1103
0.7074
1.0475
0.9826
1.1454
1.2224
-0.031
0.8254
0.9765
1.1869
1.0211
0.9163
0.8851
0.9058
0.9534
0.563
0.9612
0.9476
0.9931
0.8727
1.059
1.2254
0.9708
0.9155
1.0099
1.7419
0.72
0.9301
0.5499
1.3654
2.3029
0.7055
1.1337
0.8164
-0.8063
0.4264
1.0412
1.0482
1.4002
0.9015
0.9759
2.0136
1.0221
0.9712
1.0229
0.9323
0.8519
0.6884
0.299
1.4965
1.6407
1.0551
1.0438
0.8777
0.5722
1.2072
1.0158
0.3622
0.9309
2.0207
1.3722
0.995
-0.069
1.3025
0.8753
0.9715
0.5734
1.611
0.9797
0.9942
2.1069
0.8129
0.8639
1.6126
1.0707
0.9485
0.6738
1.057
0.801
0.8106
1.4648
0.7604
1.1512
1.2363
1.0739
0.9889
0.5992
0.969
1.503
1.3433
0.7508
1.1734
1.029
1.7816
0.9374
0.8774
0.9303
0.7156
0.8936
0.7818
2.2076
1.0534
1.4018
0.9471
1.0449
1.0147
1.088
0.9052
2.4136
2.7751
0.9981
1.027
1.3049
3.9514
0.5569
0.7675
0.9839
0.9904
1.034
0.9944
1.3248
1.0534
1.0284
1.942
1.674
1.7951
0.9031
0.7225
0.9149
1.0171
1.0878
1.2257
0.9333
0.9363
0.9376
0.979
0.8406
0.8261
0.4186
0.726
0.9993
1.0494
0.7929
1.0529
1.154
1.1621
1.3656
0.8661
1.0548
1.5871
0.929
0.5723
0.7703
1.8904
3.1076
1.6396
1.4758
0.9953
0.9589
0.3449
1.9241
1.2558
0.7853
0.8055
0.9979
1.101
0.8131
0.5375
1.0741
0.9365
1.0243
0.9043
1.102
0.7437
0.9337
1.51
1.1761
0.8383
0.9629
0.9197
1.7563
1.1753
2.2559
0.6934
1.1441
0.9691
0.7684
0.8349
0.9075
0.9865
1.1375
1.0884
0.9595
1.2275
1.0256
0.8141
2.223
0.7813
0.8414
0.4642
0.9773
0.7313
2.9431
0.4447
1.1176
3.9612
1.0198
0.8305
0.9654
0.874
1.1924
1.0109
1.5239
1.042
1.0202
0.8183
0.8462
4.8691
1.0416
1.0957
0.8606
0.7966
0.7739
1.2897
0.9833
0.8712
1.0053
1.0242
1.0839
2.2415
1.0422
1.1634
0.9949
0.7746
0.032
1.0982
1.4344
0.7645
1.2613
1.1795
0.9088
0.9772
0.6341
1.2036
0.9916
0.9662
1.0553
7.8665
0.9078
1.0986
0.2679
2.1669
0.8998
1.1901
0.9128
1.1128
1.1464
0.9539
0.9946
1.8274
0.6654
0.742
1.036
1.5361
-0.0492
0.6529
0.6837
1.0248
0.9138
0.9029
1.0498
1.0941
1.1325
1.281
0.5361
0.8033
1.1291
0.9888
0.9993
1.4524
2.0462
2.3017
0.9326
0.7087
1.1193
1.0861
1.1478
0.9426
0.4646
0.9503
0.6233
0.8204
1.0052
1.4715
1.0358
0.9901
1.0333
1.0664
0.7493
1.3566
0.6038
0.4614
1.3865
1.1819
0.871
1.0411
1.9803
1.6915
0.9685
1.0133
1.8027
0.6838
0.9649
0.9992
0.9508
1.0699
1.0306
1.5016
1.3072
-0.3724
0.9543
1.2577
0.9412
0.0114
1.0145
1.0077
0.9961
-0.0568
1.3222
0.8176
0.9971
0.2549
0.9693
0.8614
0.6474
1.0405
0.8011
0.9987
1.339
0.9857
3.6787
0.977
0.9955
3.1807
1.0386
0.9742
1.0172
1.1781
1.5692
0.8349
1.4555
0.5921
1.0396
0.7531
0.9489
0.9059
0.8482
0.9499
0.405
0.7645
1.1531
0.9977
0.9858
0.9283
-0.191
0.9948
0.8702
1.2478
1.5727
1.0336
1.2938
1.0623
0.9486
1.9062
1.1547
0.7395
1.5031
0.3718
1.0604
1.0384
0.4598
1.1865
0.592
0.955
1.9673
1.1644
0.9682
0.9116
0.9167
1.9076
2.6122
2.4028
1.0498
0.8961
0.8148
0.5158
0.9268
0.2854
0.7438
1.001
0.8817
0.9673
0.5556
0.3958
1.5152
1.5974
0.9025
0.8656
1.0497
0.9927
0.7294
2.5726
0.8859
0.5326
0.9626
0.9501
0.5752
0.8855
0.8972
0.9151
1.7824
1.7756
1.0138
0.9922
1.6478
1.9005
2.7581
3.0296
0.9616
0.948
0.9423
0.9547
1.9709
0.7886
1.0831
-0.3485
0.9603
1.1424
1.0347
1.0277
1.9791
2.1227
0.4692
1.0612
0.8607
0.7732
0.4417
1.0325
1.3241
1.2731
0.7978
0.7793
0.8543
1.3493
0.981
1.5339
1.3068
1.0069
0.7547
0.8063
0.7947
0.519
0.9756
0.9401
0.9574
0.3687
0.7428
0.9133
9.287
0.9629
0.9318
1.3753
0.9099
1.3216
5.4996
0.9748
1.5434
1.316
1.0901
1.2182
0.6705
0.9057
0.9863
1.0335
1.142
0.6157
6.5128
0.9424
2.829
0.8567
1.2791
0.9044
0.9964
0.9352
1.5757
0.964
0.9911
1.7191
0.9202
0.8648
0.3241
0.9889
1.61
0.9903
1.2447
0.7314
0.9105
0.9264
