-23.801210343837738
-23.870942413806915
-23.86487340927124
-23.805038332939148
-23.883158326148987
-23.771293222904205
-23.864434719085693
-23.92802658677101
-23.779650330543518
-23.798723965883255
-24.795528829097748
-24.850683242082596
-24.868301510810852
-24.811060428619385
-24.806358814239502
-24.836571276187897
-24.82976895570755
-24.77889981865883
-24.776358902454376
-24.82372736930847
-24.929843574762344
-24.924322962760925
-24.966441452503204
-24.93212279677391
-24.96575355529785
-24.955471456050873
-24.93376013636589
-24.936326682567596
-24.942649394273758
-24.9670792222023
-26.161153316497803
-26.17095512151718
-26.13202664256096
-26.06953191757202
-26.105094969272614
-26.113941371440887
-26.20039790868759
-26.10124808549881
-26.140031188726425
-26.093104124069214
-24.997348070144653
-25.049959361553192
-24.994451731443405
-25.147594422101974
-24.97210830450058
-25.080572307109833
-25.07986807823181
-25.05509427189827
-25.04423651099205
-25.027962774038315
-25.47350424528122
-25.52580001950264
-25.494946241378784
-25.397740602493286
-25.493920475244522
-25.46544623374939
-25.465667247772217
-25.50822353363037
-25.46085235476494
-25.480536580085754
-24.151222974061966
-24.14535355567932
-24.239122718572617
-24.147058367729187
-24.121679306030273
-24.177675902843475
-24.15902152657509
-24.10876640677452
-25.422346264123917
-24.169113606214523
-25.421401232481003
-24.2071250975132
-25.428632080554962
-25.392401039600372
-25.403644114732742
-25.39677459001541
-25.439737737178802
-25.3680979013443
-25.436512768268585
-25.465131163597107
-22.541614294052124
-22.63304114341736
-22.61407545208931
-22.65009242296219
-22.608098596334457
-22.568681359291077
-22.65707165002823
-22.660248547792435
-22.60928463935852
-22.58142614364624
-24.777902960777283
-24.702439188957214
-24.716789454221725
-24.711941599845886
-24.697570741176605
-24.697495818138123
-24.75506004691124
-24.71896919608116
-24.71600502729416
-24.779692500829697
