-28.023076206445694
-28.04083228111267
-28.023885905742645
-28.040503799915314
-28.037201046943665
-28.0737321972847
-28.047140151262283
-28.052884697914124
-28.036643028259277
-28.049086809158325
-27.873066633939743
-27.849394619464874
-27.840207993984222
-27.850436747074127
-27.840575128793716
-27.876420587301254
-27.863461136817932
-27.8591231405735
-27.853686094284058
-27.856430530548096
-27.623026371002197
-27.64501228928566
-27.66638621687889
-27.638360559940338
-27.661429196596146
-27.630948036909103
-27.631207674741745
-27.655706763267517
-27.650155425071716
-27.684392392635345
-26.976478338241577
-26.988717406988144
-26.95970594882965
-27.002963691949844
-26.993204325437546
-26.984390765428543
-26.96327245235443
-26.992051005363464
-26.976325392723083
-26.997668892145157
-28.454685658216476
-28.414161533117294
-28.46159118413925
-28.446574985980988
-28.426270604133606
-28.41493734717369
-28.452651530504227
-28.440973460674286
-28.4594087600708
-28.467282086610794
-28.073566198349
-28.06765377521515
-28.074041038751602
-28.05066978931427
-28.05670616030693
-28.089484214782715
-28.11141112446785
-28.09942615032196
-28.05325213074684
-28.088022112846375
-27.049652755260468
-27.072517812252045
-27.09591567516327
-27.076608389616013
-27.08814573287964
-27.081429839134216
-27.08704835176468
-27.078302323818207
-27.083731651306152
-27.10453110933304
-26.346817791461945
-26.397429049015045
-26.379730224609375
-26.393929034471512
-26.382006913423538
-26.392700999975204
-26.36122441291809
-26.397529780864716
-26.353353440761566
-26.394470244646072
-26.768314957618713
-26.77631977200508
-26.769451797008514
-26.767921090126038
-26.76183518767357
-26.758172065019608
-26.761649519205093
-26.726643592119217
-26.762039691209793
-26.74452206492424
-26.65104514360428
-26.65193736553192
-26.671721786260605
-26.655754953622818
-26.640207588672638
-26.668879568576813
-26.660727441310883
-26.67924675345421
-26.685501992702484
